Date,0
2024-01-02 14:00:00+00:00,0.0
2024-01-02 15:00:00+00:00,0.0
2024-01-02 16:00:00+00:00,0.0
2024-01-02 17:00:00+00:00,0.0
2024-01-02 18:00:00+00:00,0.0
2024-01-02 19:00:00+00:00,0.0
2024-01-02 20:00:00+00:00,0.0
2024-01-03 14:00:00+00:00,0.0
2024-01-03 15:00:00+00:00,0.0
2024-01-03 16:00:00+00:00,0.0
2024-01-03 17:00:00+00:00,0.0
2024-01-03 18:00:00+00:00,0.0
2024-01-03 19:00:00+00:00,0.0
2024-01-03 20:00:00+00:00,0.0
2024-01-04 14:00:00+00:00,0.0
2024-01-04 15:00:00+00:00,0.0
2024-01-04 16:00:00+00:00,0.0
2024-01-04 17:00:00+00:00,0.0
2024-01-04 18:00:00+00:00,0.0
2024-01-04 19:00:00+00:00,0.0
2024-01-04 20:00:00+00:00,0.0
2024-01-05 14:00:00+00:00,0.0
2024-01-05 15:00:00+00:00,0.0
2024-01-05 16:00:00+00:00,0.0
2024-01-05 17:00:00+00:00,0.0
2024-01-05 18:00:00+00:00,0.0
2024-01-05 19:00:00+00:00,0.0
2024-01-05 20:00:00+00:00,0.0
2024-01-08 14:00:00+00:00,0.0
2024-01-08 15:00:00+00:00,0.0
2024-01-08 16:00:00+00:00,0.0
2024-01-08 17:00:00+00:00,0.0
2024-01-08 18:00:00+00:00,0.0
2024-01-08 19:00:00+00:00,0.0
2024-01-08 20:00:00+00:00,0.0
2024-01-09 14:00:00+00:00,0.0
2024-01-09 15:00:00+00:00,0.0
2024-01-09 16:00:00+00:00,0.0
2024-01-09 17:00:00+00:00,0.0
2024-01-09 18:00:00+00:00,0.0
2024-01-09 19:00:00+00:00,0.0
2024-01-09 20:00:00+00:00,0.0
2024-01-10 14:00:00+00:00,0.0
2024-01-10 15:00:00+00:00,0.0
2024-01-10 16:00:00+00:00,0.0
2024-01-10 17:00:00+00:00,0.0
2024-01-10 18:00:00+00:00,0.0
2024-01-10 19:00:00+00:00,0.0
2024-01-10 20:00:00+00:00,0.0
2024-01-11 14:00:00+00:00,0.0
2024-01-11 15:00:00+00:00,0.0
2024-01-11 16:00:00+00:00,0.0
2024-01-11 17:00:00+00:00,0.0
2024-01-11 18:00:00+00:00,0.0
2024-01-11 19:00:00+00:00,0.0
2024-01-11 20:00:00+00:00,0.0
2024-01-12 14:00:00+00:00,0.0
2024-01-12 15:00:00+00:00,0.0
2024-01-12 16:00:00+00:00,0.0
2024-01-12 17:00:00+00:00,0.0
2024-01-12 18:00:00+00:00,0.0
2024-01-12 19:00:00+00:00,0.0
2024-01-12 20:00:00+00:00,0.0
2024-01-16 14:00:00+00:00,0.0
2024-01-16 15:00:00+00:00,0.0
2024-01-16 16:00:00+00:00,0.0
2024-01-16 17:00:00+00:00,0.0
2024-01-16 18:00:00+00:00,0.0
2024-01-16 19:00:00+00:00,0.0
2024-01-16 20:00:00+00:00,0.0
2024-01-17 14:00:00+00:00,0.0
2024-01-17 15:00:00+00:00,0.0
2024-01-17 16:00:00+00:00,0.0
2024-01-17 17:00:00+00:00,0.0
2024-01-17 18:00:00+00:00,0.0
2024-01-17 19:00:00+00:00,0.0
2024-01-17 20:00:00+00:00,0.0
2024-01-18 14:00:00+00:00,0.0
2024-01-18 15:00:00+00:00,0.0
2024-01-18 16:00:00+00:00,0.0
2024-01-18 17:00:00+00:00,0.0
2024-01-18 18:00:00+00:00,0.0
2024-01-18 19:00:00+00:00,0.0
2024-01-18 20:00:00+00:00,0.0
2024-01-19 14:00:00+00:00,0.0
2024-01-19 15:00:00+00:00,0.0
2024-01-19 16:00:00+00:00,0.0
2024-01-19 17:00:00+00:00,0.0
2024-01-19 18:00:00+00:00,0.0
2024-01-19 19:00:00+00:00,0.0
2024-01-19 20:00:00+00:00,0.0
2024-01-22 14:00:00+00:00,0.0
2024-01-22 15:00:00+00:00,0.0
2024-01-22 16:00:00+00:00,0.0
2024-01-22 17:00:00+00:00,0.0
2024-01-22 18:00:00+00:00,0.0
2024-01-22 19:00:00+00:00,0.0
2024-01-22 20:00:00+00:00,0.0
2024-01-23 14:00:00+00:00,0.0
2024-01-23 15:00:00+00:00,0.0
2024-01-23 16:00:00+00:00,0.0
2024-01-23 17:00:00+00:00,0.0
2024-01-23 18:00:00+00:00,0.0
2024-01-23 19:00:00+00:00,0.0
2024-01-23 20:00:00+00:00,0.0
2024-01-24 14:00:00+00:00,0.0
2024-01-24 15:00:00+00:00,0.0
2024-01-24 16:00:00+00:00,0.0
2024-01-24 17:00:00+00:00,0.0
2024-01-24 18:00:00+00:00,0.0
2024-01-24 19:00:00+00:00,0.0
2024-01-24 20:00:00+00:00,0.0
2024-01-25 14:00:00+00:00,0.0
2024-01-25 15:00:00+00:00,0.0
2024-01-25 16:00:00+00:00,0.0
2024-01-25 17:00:00+00:00,0.0
2024-01-25 18:00:00+00:00,0.0
2024-01-25 19:00:00+00:00,0.0
2024-01-25 20:00:00+00:00,0.0
2024-01-26 14:00:00+00:00,0.0
2024-01-26 15:00:00+00:00,0.0
2024-01-26 16:00:00+00:00,0.0
2024-01-26 17:00:00+00:00,0.0
2024-01-26 18:00:00+00:00,0.0
2024-01-26 19:00:00+00:00,0.0
2024-01-26 20:00:00+00:00,0.0
2024-01-29 14:00:00+00:00,0.0
2024-01-29 15:00:00+00:00,0.0
2024-01-29 16:00:00+00:00,0.0
2024-01-29 17:00:00+00:00,0.0
2024-01-29 18:00:00+00:00,0.0
2024-01-29 19:00:00+00:00,0.0
2024-01-29 20:00:00+00:00,0.0
2024-01-30 14:00:00+00:00,0.0
2024-01-30 15:00:00+00:00,0.0
2024-01-30 16:00:00+00:00,0.0
2024-01-30 17:00:00+00:00,0.0
2024-01-30 18:00:00+00:00,0.0
2024-01-30 19:00:00+00:00,0.0
2024-01-30 20:00:00+00:00,0.0
2024-01-31 14:00:00+00:00,0.0
2024-01-31 15:00:00+00:00,0.0
2024-01-31 16:00:00+00:00,0.0
2024-01-31 17:00:00+00:00,0.0
2024-01-31 18:00:00+00:00,0.0
2024-01-31 19:00:00+00:00,0.0
2024-01-31 20:00:00+00:00,0.0
2024-02-01 14:00:00+00:00,0.0
2024-02-01 15:00:00+00:00,0.0
2024-02-01 16:00:00+00:00,0.0
2024-02-01 17:00:00+00:00,0.0
2024-02-01 18:00:00+00:00,0.0
2024-02-01 19:00:00+00:00,0.0
2024-02-01 20:00:00+00:00,0.0
2024-02-02 14:00:00+00:00,0.0
2024-02-02 15:00:00+00:00,0.0
2024-02-02 16:00:00+00:00,0.0
2024-02-02 17:00:00+00:00,0.0
2024-02-02 18:00:00+00:00,0.0
2024-02-02 19:00:00+00:00,0.0
2024-02-02 20:00:00+00:00,0.0
2024-02-05 14:00:00+00:00,0.0
2024-02-05 15:00:00+00:00,0.0
2024-02-05 16:00:00+00:00,0.0
2024-02-05 17:00:00+00:00,0.0
2024-02-05 18:00:00+00:00,0.0
2024-02-05 19:00:00+00:00,0.0
2024-02-05 20:00:00+00:00,0.0
2024-02-06 14:00:00+00:00,0.0
2024-02-06 15:00:00+00:00,0.0
2024-02-06 16:00:00+00:00,0.0
2024-02-06 17:00:00+00:00,0.0
2024-02-06 18:00:00+00:00,0.0
2024-02-06 19:00:00+00:00,0.0
2024-02-06 20:00:00+00:00,0.0
2024-02-07 14:00:00+00:00,0.0
2024-02-07 15:00:00+00:00,0.0
2024-02-07 16:00:00+00:00,0.0
2024-02-07 17:00:00+00:00,0.0
2024-02-07 18:00:00+00:00,0.0
2024-02-07 19:00:00+00:00,0.0
2024-02-07 20:00:00+00:00,0.0
2024-02-08 14:00:00+00:00,0.0
2024-02-08 15:00:00+00:00,0.0
2024-02-08 16:00:00+00:00,0.0
2024-02-08 17:00:00+00:00,0.0
2024-02-08 18:00:00+00:00,0.0
2024-02-08 19:00:00+00:00,0.0
2024-02-08 20:00:00+00:00,0.0
2024-02-09 14:00:00+00:00,0.0
2024-02-09 15:00:00+00:00,0.0
2024-02-09 16:00:00+00:00,0.0
2024-02-09 17:00:00+00:00,0.0
2024-02-09 18:00:00+00:00,0.0
2024-02-09 19:00:00+00:00,0.0
2024-02-09 20:00:00+00:00,0.0
2024-02-12 14:00:00+00:00,0.0
2024-02-12 15:00:00+00:00,0.0
2024-02-12 16:00:00+00:00,0.0
2024-02-12 17:00:00+00:00,0.0
2024-02-12 18:00:00+00:00,0.0
2024-02-12 19:00:00+00:00,0.0
2024-02-12 20:00:00+00:00,0.0
2024-02-13 14:00:00+00:00,0.0
2024-02-13 15:00:00+00:00,0.0
2024-02-13 16:00:00+00:00,0.0
2024-02-13 17:00:00+00:00,0.0
2024-02-13 18:00:00+00:00,0.0
2024-02-13 19:00:00+00:00,0.0
2024-02-13 20:00:00+00:00,0.0
2024-02-14 14:00:00+00:00,0.0
2024-02-14 15:00:00+00:00,0.0
2024-02-14 16:00:00+00:00,0.0
2024-02-14 17:00:00+00:00,0.0
2024-02-14 18:00:00+00:00,0.0
2024-02-14 19:00:00+00:00,0.0
2024-02-14 20:00:00+00:00,0.0
2024-02-15 14:00:00+00:00,0.0
2024-02-15 15:00:00+00:00,0.0
2024-02-15 16:00:00+00:00,0.0
2024-02-15 17:00:00+00:00,0.0
2024-02-15 18:00:00+00:00,0.0
2024-02-15 19:00:00+00:00,0.0
2024-02-15 20:00:00+00:00,0.0
2024-02-16 14:00:00+00:00,0.0
2024-02-16 15:00:00+00:00,0.0
2024-02-16 16:00:00+00:00,0.0
2024-02-16 17:00:00+00:00,0.0
2024-02-16 18:00:00+00:00,0.0
2024-02-16 19:00:00+00:00,0.0
2024-02-16 20:00:00+00:00,0.0
2024-02-20 14:00:00+00:00,0.0
2024-02-20 15:00:00+00:00,0.0
2024-02-20 16:00:00+00:00,0.0
2024-02-20 17:00:00+00:00,0.0
2024-02-20 18:00:00+00:00,0.0
2024-02-20 19:00:00+00:00,0.0
2024-02-20 20:00:00+00:00,0.0
2024-02-21 14:00:00+00:00,0.0
2024-02-21 15:00:00+00:00,0.0
2024-02-21 16:00:00+00:00,0.0
2024-02-21 17:00:00+00:00,0.0
2024-02-21 18:00:00+00:00,0.0
2024-02-21 19:00:00+00:00,0.0
2024-02-21 20:00:00+00:00,0.0
2024-02-22 14:00:00+00:00,0.0
2024-02-22 15:00:00+00:00,0.0
2024-02-22 16:00:00+00:00,0.0
2024-02-22 17:00:00+00:00,0.0
2024-02-22 18:00:00+00:00,0.0
2024-02-22 19:00:00+00:00,0.0
2024-02-22 20:00:00+00:00,0.0
2024-02-23 14:00:00+00:00,0.0
2024-02-23 15:00:00+00:00,0.0
2024-02-23 16:00:00+00:00,0.0
2024-02-23 17:00:00+00:00,0.0
2024-02-23 18:00:00+00:00,0.0
2024-02-23 19:00:00+00:00,0.0
2024-02-23 20:00:00+00:00,0.0
2024-02-26 14:00:00+00:00,0.0
2024-02-26 15:00:00+00:00,0.0
2024-02-26 16:00:00+00:00,0.0
2024-02-26 17:00:00+00:00,0.0
2024-02-26 18:00:00+00:00,0.0
2024-02-26 19:00:00+00:00,0.0
2024-02-26 20:00:00+00:00,0.0
2024-02-27 14:00:00+00:00,0.0
2024-02-27 15:00:00+00:00,0.0
2024-02-27 16:00:00+00:00,0.0
2024-02-27 17:00:00+00:00,0.0
2024-02-27 18:00:00+00:00,0.0
2024-02-27 19:00:00+00:00,0.0
2024-02-27 20:00:00+00:00,0.0
2024-02-28 14:00:00+00:00,0.0
2024-02-28 15:00:00+00:00,0.0
2024-02-28 16:00:00+00:00,0.0
2024-02-28 17:00:00+00:00,0.0
2024-02-28 18:00:00+00:00,0.0
2024-02-28 19:00:00+00:00,0.0
2024-02-28 20:00:00+00:00,0.0
2024-02-29 14:00:00+00:00,0.0
2024-02-29 15:00:00+00:00,0.0
2024-02-29 16:00:00+00:00,0.0
2024-02-29 17:00:00+00:00,0.0
2024-02-29 18:00:00+00:00,0.0
2024-02-29 19:00:00+00:00,0.0
2024-02-29 20:00:00+00:00,0.0
2024-03-01 14:00:00+00:00,0.0
2024-03-01 15:00:00+00:00,0.0
2024-03-01 16:00:00+00:00,0.0
2024-03-01 17:00:00+00:00,0.0
2024-03-01 18:00:00+00:00,0.0
2024-03-01 19:00:00+00:00,0.0
2024-03-01 20:00:00+00:00,0.0
2024-03-04 14:00:00+00:00,0.0
2024-03-04 15:00:00+00:00,0.0
2024-03-04 16:00:00+00:00,0.0
2024-03-04 17:00:00+00:00,0.0
2024-03-04 18:00:00+00:00,0.0
2024-03-04 19:00:00+00:00,0.0
2024-03-04 20:00:00+00:00,0.0
2024-03-05 14:00:00+00:00,0.0
2024-03-05 15:00:00+00:00,0.0
2024-03-05 16:00:00+00:00,0.0
2024-03-05 17:00:00+00:00,0.0
2024-03-05 18:00:00+00:00,0.0
2024-03-05 19:00:00+00:00,0.0
2024-03-05 20:00:00+00:00,0.0
2024-03-06 14:00:00+00:00,0.0
2024-03-06 15:00:00+00:00,0.0
2024-03-06 16:00:00+00:00,0.0
2024-03-06 17:00:00+00:00,0.0
2024-03-06 18:00:00+00:00,0.0
2024-03-06 19:00:00+00:00,0.0
2024-03-06 20:00:00+00:00,0.0
2024-03-07 14:00:00+00:00,0.0
2024-03-07 15:00:00+00:00,0.0
2024-03-07 16:00:00+00:00,0.0
2024-03-07 17:00:00+00:00,0.0
2024-03-07 18:00:00+00:00,0.0
2024-03-07 19:00:00+00:00,0.0
2024-03-07 20:00:00+00:00,0.0
2024-03-08 14:00:00+00:00,0.0
2024-03-08 15:00:00+00:00,0.0
2024-03-08 16:00:00+00:00,0.0
2024-03-08 17:00:00+00:00,0.0
2024-03-08 18:00:00+00:00,0.0
2024-03-08 19:00:00+00:00,0.0
2024-03-08 20:00:00+00:00,0.0
2024-03-11 13:00:00+00:00,0.0
2024-03-11 14:00:00+00:00,0.0
2024-03-11 15:00:00+00:00,0.0
2024-03-11 16:00:00+00:00,0.0
2024-03-11 17:00:00+00:00,0.0
2024-03-11 18:00:00+00:00,0.0
2024-03-11 19:00:00+00:00,0.0
2024-03-12 13:00:00+00:00,0.0
2024-03-12 14:00:00+00:00,0.0
2024-03-12 15:00:00+00:00,0.0
2024-03-12 16:00:00+00:00,0.0
2024-03-12 17:00:00+00:00,0.0
2024-03-12 18:00:00+00:00,0.0
2024-03-12 19:00:00+00:00,0.0
2024-03-13 13:00:00+00:00,0.0
2024-03-13 14:00:00+00:00,0.0
2024-03-13 15:00:00+00:00,0.0
2024-03-13 16:00:00+00:00,0.0
2024-03-13 17:00:00+00:00,0.0
2024-03-13 18:00:00+00:00,0.0
2024-03-13 19:00:00+00:00,0.0
2024-03-14 13:00:00+00:00,0.0
2024-03-14 14:00:00+00:00,0.0
2024-03-14 15:00:00+00:00,0.0
2024-03-14 16:00:00+00:00,0.0
2024-03-14 17:00:00+00:00,0.0
2024-03-14 18:00:00+00:00,0.0
2024-03-14 19:00:00+00:00,0.0
2024-03-15 13:00:00+00:00,0.0
2024-03-15 14:00:00+00:00,0.0
2024-03-15 15:00:00+00:00,0.0
2024-03-15 16:00:00+00:00,0.0
2024-03-15 17:00:00+00:00,0.0
2024-03-15 18:00:00+00:00,0.0
2024-03-15 19:00:00+00:00,0.0
2024-03-18 13:00:00+00:00,0.0
2024-03-18 14:00:00+00:00,0.0
2024-03-18 15:00:00+00:00,0.0
2024-03-18 16:00:00+00:00,0.0
2024-03-18 17:00:00+00:00,0.0
2024-03-18 18:00:00+00:00,0.0
2024-03-18 19:00:00+00:00,0.0
2024-03-19 13:00:00+00:00,0.0
2024-03-19 14:00:00+00:00,0.0
2024-03-19 15:00:00+00:00,0.0
2024-03-19 16:00:00+00:00,0.0
2024-03-19 17:00:00+00:00,0.0
2024-03-19 18:00:00+00:00,0.0
2024-03-19 19:00:00+00:00,0.0
2024-03-20 13:00:00+00:00,0.0
2024-03-20 14:00:00+00:00,0.0
2024-03-20 15:00:00+00:00,0.0
2024-03-20 16:00:00+00:00,0.0
2024-03-20 17:00:00+00:00,0.0
2024-03-20 18:00:00+00:00,0.0
2024-03-20 19:00:00+00:00,0.0
2024-03-21 13:00:00+00:00,0.0
2024-03-21 14:00:00+00:00,0.0
2024-03-21 15:00:00+00:00,0.0
2024-03-21 16:00:00+00:00,0.0
2024-03-21 17:00:00+00:00,0.0
2024-03-21 18:00:00+00:00,0.0
2024-03-21 19:00:00+00:00,0.0
2024-03-22 13:00:00+00:00,0.0
2024-03-22 14:00:00+00:00,0.0
2024-03-22 15:00:00+00:00,0.0
2024-03-22 16:00:00+00:00,0.0
2024-03-22 17:00:00+00:00,0.0
2024-03-22 18:00:00+00:00,0.0
2024-03-22 19:00:00+00:00,0.0
2024-03-25 13:00:00+00:00,0.0
2024-03-25 14:00:00+00:00,0.0
2024-03-25 15:00:00+00:00,0.0
2024-03-25 16:00:00+00:00,0.0
2024-03-25 17:00:00+00:00,0.0
2024-03-25 18:00:00+00:00,0.0
2024-03-25 19:00:00+00:00,0.0
2024-03-26 13:00:00+00:00,0.0
2024-03-26 14:00:00+00:00,0.0
2024-03-26 15:00:00+00:00,0.0
2024-03-26 16:00:00+00:00,0.0
2024-03-26 17:00:00+00:00,0.0
2024-03-26 18:00:00+00:00,0.0
2024-03-26 19:00:00+00:00,0.0
2024-03-27 13:00:00+00:00,0.0
2024-03-27 14:00:00+00:00,0.0
2024-03-27 15:00:00+00:00,0.0
2024-03-27 16:00:00+00:00,0.0
2024-03-27 17:00:00+00:00,0.0
2024-03-27 18:00:00+00:00,0.0
2024-03-27 19:00:00+00:00,0.0
2024-03-28 13:00:00+00:00,0.0
2024-03-28 14:00:00+00:00,0.0
2024-03-28 15:00:00+00:00,0.0
2024-03-28 16:00:00+00:00,0.0
2024-03-28 17:00:00+00:00,0.0
2024-03-28 18:00:00+00:00,0.0
2024-03-28 19:00:00+00:00,0.0
2024-04-01 13:00:00+00:00,0.0
2024-04-01 14:00:00+00:00,0.0
2024-04-01 15:00:00+00:00,0.0
2024-04-01 16:00:00+00:00,0.0
2024-04-01 17:00:00+00:00,0.0
2024-04-01 18:00:00+00:00,0.0
2024-04-01 19:00:00+00:00,0.0
2024-04-02 13:00:00+00:00,0.0
2024-04-02 14:00:00+00:00,0.0
2024-04-02 15:00:00+00:00,0.0
2024-04-02 16:00:00+00:00,0.0
2024-04-02 17:00:00+00:00,0.0
2024-04-02 18:00:00+00:00,0.0
2024-04-02 19:00:00+00:00,0.0
2024-04-03 13:00:00+00:00,0.0
2024-04-03 14:00:00+00:00,0.0
2024-04-03 15:00:00+00:00,0.0
2024-04-03 16:00:00+00:00,0.0
2024-04-03 17:00:00+00:00,0.0
2024-04-03 18:00:00+00:00,0.0
2024-04-03 19:00:00+00:00,0.0
2024-04-04 13:00:00+00:00,0.0
2024-04-04 14:00:00+00:00,0.0
2024-04-04 15:00:00+00:00,0.0
2024-04-04 16:00:00+00:00,0.0
2024-04-04 17:00:00+00:00,0.0
2024-04-04 18:00:00+00:00,0.0
2024-04-04 19:00:00+00:00,0.0
2024-04-05 13:00:00+00:00,0.0
2024-04-05 14:00:00+00:00,0.0
2024-04-05 15:00:00+00:00,0.0
2024-04-05 16:00:00+00:00,0.0
2024-04-05 17:00:00+00:00,0.0
2024-04-05 18:00:00+00:00,0.0
2024-04-05 19:00:00+00:00,0.0
2024-04-08 13:00:00+00:00,0.0
2024-04-08 14:00:00+00:00,0.0
2024-04-08 15:00:00+00:00,0.0
2024-04-08 16:00:00+00:00,0.0
2024-04-08 17:00:00+00:00,0.0
2024-04-08 18:00:00+00:00,0.0
2024-04-08 19:00:00+00:00,0.0
2024-04-09 13:00:00+00:00,0.0
2024-04-09 14:00:00+00:00,0.0
2024-04-09 15:00:00+00:00,0.0
2024-04-09 16:00:00+00:00,0.0
2024-04-09 17:00:00+00:00,0.0
2024-04-09 18:00:00+00:00,0.0
2024-04-09 19:00:00+00:00,0.0
2024-04-10 13:00:00+00:00,0.0
2024-04-10 14:00:00+00:00,0.0
2024-04-10 15:00:00+00:00,0.0
2024-04-10 16:00:00+00:00,0.0
2024-04-10 17:00:00+00:00,0.0
2024-04-10 18:00:00+00:00,0.0
2024-04-10 19:00:00+00:00,0.0
2024-04-11 13:00:00+00:00,0.0
2024-04-11 14:00:00+00:00,0.0
2024-04-11 15:00:00+00:00,0.0
2024-04-11 16:00:00+00:00,0.0
2024-04-11 17:00:00+00:00,0.0
2024-04-11 18:00:00+00:00,0.0
2024-04-11 19:00:00+00:00,0.0
2024-04-12 13:00:00+00:00,0.0
2024-04-12 14:00:00+00:00,0.0
2024-04-12 15:00:00+00:00,0.0
2024-04-12 16:00:00+00:00,0.0
2024-04-12 17:00:00+00:00,0.0
2024-04-12 18:00:00+00:00,0.0
2024-04-12 19:00:00+00:00,0.0
2024-04-15 13:00:00+00:00,0.0
2024-04-15 14:00:00+00:00,0.0
2024-04-15 15:00:00+00:00,0.0
2024-04-15 16:00:00+00:00,0.0
2024-04-15 17:00:00+00:00,0.0
2024-04-15 18:00:00+00:00,0.0
2024-04-15 19:00:00+00:00,0.0
2024-04-16 13:00:00+00:00,0.0
2024-04-16 14:00:00+00:00,0.0
2024-04-16 15:00:00+00:00,0.0
2024-04-16 16:00:00+00:00,0.0
2024-04-16 17:00:00+00:00,0.0
2024-04-16 18:00:00+00:00,0.0
2024-04-16 19:00:00+00:00,0.0
2024-04-17 13:00:00+00:00,0.0
2024-04-17 14:00:00+00:00,0.0
2024-04-17 15:00:00+00:00,0.0
2024-04-17 16:00:00+00:00,0.0
2024-04-17 17:00:00+00:00,0.0
2024-04-17 18:00:00+00:00,0.0
2024-04-17 19:00:00+00:00,0.0
2024-04-18 13:00:00+00:00,0.0
2024-04-18 14:00:00+00:00,0.0
2024-04-18 15:00:00+00:00,0.0
2024-04-18 16:00:00+00:00,0.0
2024-04-18 17:00:00+00:00,0.0
2024-04-18 18:00:00+00:00,0.0
2024-04-18 19:00:00+00:00,0.0
2024-04-19 13:00:00+00:00,0.0
2024-04-19 14:00:00+00:00,0.0
2024-04-19 15:00:00+00:00,0.0
2024-04-19 16:00:00+00:00,0.0
2024-04-19 17:00:00+00:00,0.0
2024-04-19 18:00:00+00:00,0.0
2024-04-19 19:00:00+00:00,0.0
2024-04-22 13:00:00+00:00,0.0
2024-04-22 14:00:00+00:00,0.0
2024-04-22 15:00:00+00:00,0.0
2024-04-22 16:00:00+00:00,0.0
2024-04-22 17:00:00+00:00,0.0
2024-04-22 18:00:00+00:00,0.0
2024-04-22 19:00:00+00:00,0.0
2024-04-23 13:00:00+00:00,0.0
2024-04-23 14:00:00+00:00,0.0
2024-04-23 15:00:00+00:00,0.0
2024-04-23 16:00:00+00:00,0.0
2024-04-23 17:00:00+00:00,0.0
2024-04-23 18:00:00+00:00,0.0
2024-04-23 19:00:00+00:00,0.0
2024-04-24 13:00:00+00:00,0.0
2024-04-24 14:00:00+00:00,0.0
2024-04-24 15:00:00+00:00,0.0
2024-04-24 16:00:00+00:00,0.0
2024-04-24 17:00:00+00:00,0.0
2024-04-24 18:00:00+00:00,0.0
2024-04-24 19:00:00+00:00,0.0
2024-04-25 13:00:00+00:00,0.0
2024-04-25 14:00:00+00:00,0.0
2024-04-25 15:00:00+00:00,0.0
2024-04-25 16:00:00+00:00,0.0
2024-04-25 17:00:00+00:00,0.0
2024-04-25 18:00:00+00:00,0.0
2024-04-25 19:00:00+00:00,0.0
2024-04-26 13:00:00+00:00,0.0
2024-04-26 14:00:00+00:00,0.0
2024-04-26 15:00:00+00:00,0.0
2024-04-26 16:00:00+00:00,0.0
2024-04-26 17:00:00+00:00,0.0
2024-04-26 18:00:00+00:00,0.0
2024-04-26 19:00:00+00:00,0.0
2024-04-29 13:00:00+00:00,0.0
2024-04-29 14:00:00+00:00,0.0
2024-04-29 15:00:00+00:00,0.0
2024-04-29 16:00:00+00:00,0.0
2024-04-29 17:00:00+00:00,0.0
2024-04-29 18:00:00+00:00,0.0
2024-04-29 19:00:00+00:00,0.0
2024-04-30 13:00:00+00:00,0.0
2024-04-30 14:00:00+00:00,0.0
2024-04-30 15:00:00+00:00,0.0
2024-04-30 16:00:00+00:00,0.0
2024-04-30 17:00:00+00:00,0.0
2024-04-30 18:00:00+00:00,0.0
2024-04-30 19:00:00+00:00,0.0
2024-05-01 13:00:00+00:00,0.0
2024-05-01 14:00:00+00:00,0.0
2024-05-01 15:00:00+00:00,0.0
2024-05-01 16:00:00+00:00,0.0
2024-05-01 17:00:00+00:00,0.0
2024-05-01 18:00:00+00:00,0.0
2024-05-01 19:00:00+00:00,0.0
2024-05-02 13:00:00+00:00,0.0
2024-05-02 14:00:00+00:00,0.0
2024-05-02 15:00:00+00:00,0.0
2024-05-02 16:00:00+00:00,0.0
2024-05-02 17:00:00+00:00,0.0
2024-05-02 18:00:00+00:00,0.0
2024-05-02 19:00:00+00:00,0.0
2024-05-03 13:00:00+00:00,0.0
2024-05-03 14:00:00+00:00,0.0
2024-05-03 15:00:00+00:00,0.0
2024-05-03 16:00:00+00:00,0.0
2024-05-03 17:00:00+00:00,0.0
2024-05-03 18:00:00+00:00,0.0
2024-05-03 19:00:00+00:00,0.0
2024-05-06 13:00:00+00:00,0.0
2024-05-06 14:00:00+00:00,0.0
2024-05-06 15:00:00+00:00,0.0
2024-05-06 16:00:00+00:00,0.0
2024-05-06 17:00:00+00:00,0.0
2024-05-06 18:00:00+00:00,0.0
2024-05-06 19:00:00+00:00,0.0
2024-05-07 13:00:00+00:00,0.0
2024-05-07 14:00:00+00:00,0.0
2024-05-07 15:00:00+00:00,0.0
2024-05-07 16:00:00+00:00,0.0
2024-05-07 17:00:00+00:00,0.0
2024-05-07 18:00:00+00:00,0.0
2024-05-07 19:00:00+00:00,0.0
2024-05-08 13:00:00+00:00,0.0
2024-05-08 14:00:00+00:00,0.0
2024-05-08 15:00:00+00:00,0.0
2024-05-08 16:00:00+00:00,0.0
2024-05-08 17:00:00+00:00,0.0
2024-05-08 18:00:00+00:00,0.0
2024-05-08 19:00:00+00:00,0.0
2024-05-09 13:00:00+00:00,0.0
2024-05-09 14:00:00+00:00,0.0
2024-05-09 15:00:00+00:00,0.0
2024-05-09 16:00:00+00:00,0.0
2024-05-09 17:00:00+00:00,0.0
2024-05-09 18:00:00+00:00,0.0
2024-05-09 19:00:00+00:00,0.0
2024-05-10 13:00:00+00:00,0.0
2024-05-10 14:00:00+00:00,0.0
2024-05-10 15:00:00+00:00,0.0
2024-05-10 16:00:00+00:00,0.0
2024-05-10 17:00:00+00:00,0.0
2024-05-10 18:00:00+00:00,0.0
2024-05-10 19:00:00+00:00,0.0
2024-05-13 13:00:00+00:00,0.0
2024-05-13 14:00:00+00:00,0.0
2024-05-13 15:00:00+00:00,0.0
2024-05-13 16:00:00+00:00,0.0
2024-05-13 17:00:00+00:00,0.0
2024-05-13 18:00:00+00:00,0.0
2024-05-13 19:00:00+00:00,0.0
2024-05-14 13:00:00+00:00,0.0
2024-05-14 14:00:00+00:00,0.0
2024-05-14 15:00:00+00:00,0.0
2024-05-14 16:00:00+00:00,0.0
2024-05-14 17:00:00+00:00,0.0
2024-05-14 18:00:00+00:00,0.0
2024-05-14 19:00:00+00:00,0.0
2024-05-15 13:00:00+00:00,0.0
2024-05-15 14:00:00+00:00,0.0
2024-05-15 15:00:00+00:00,0.0
2024-05-15 16:00:00+00:00,0.0
2024-05-15 17:00:00+00:00,0.0
2024-05-15 18:00:00+00:00,0.0
2024-05-15 19:00:00+00:00,0.0
2024-05-16 13:00:00+00:00,0.0
2024-05-16 14:00:00+00:00,0.0
2024-05-16 15:00:00+00:00,0.0
2024-05-16 16:00:00+00:00,0.0
2024-05-16 17:00:00+00:00,0.0
2024-05-16 18:00:00+00:00,0.0
2024-05-16 19:00:00+00:00,0.0
2024-05-17 13:00:00+00:00,0.0
2024-05-17 14:00:00+00:00,0.0
2024-05-17 15:00:00+00:00,0.0
2024-05-17 16:00:00+00:00,0.0
2024-05-17 17:00:00+00:00,0.0
2024-05-17 18:00:00+00:00,0.0
2024-05-17 19:00:00+00:00,0.0
2024-05-20 13:00:00+00:00,0.0
2024-05-20 14:00:00+00:00,0.0
2024-05-20 15:00:00+00:00,0.0
2024-05-20 16:00:00+00:00,0.0
2024-05-20 17:00:00+00:00,0.0
2024-05-20 18:00:00+00:00,0.0
2024-05-20 19:00:00+00:00,0.0
2024-05-21 13:00:00+00:00,0.0
2024-05-21 14:00:00+00:00,0.0
2024-05-21 15:00:00+00:00,0.0
2024-05-21 16:00:00+00:00,0.0
2024-05-21 17:00:00+00:00,0.0
2024-05-21 18:00:00+00:00,0.0
2024-05-21 19:00:00+00:00,0.0
2024-05-22 13:00:00+00:00,0.0
2024-05-22 14:00:00+00:00,0.0
2024-05-22 15:00:00+00:00,0.0
2024-05-22 16:00:00+00:00,0.0
2024-05-22 17:00:00+00:00,0.0
2024-05-22 18:00:00+00:00,0.0
2024-05-22 19:00:00+00:00,0.0
2024-05-23 13:00:00+00:00,0.0
2024-05-23 14:00:00+00:00,0.0
2024-05-23 15:00:00+00:00,0.0
2024-05-23 16:00:00+00:00,0.0
2024-05-23 17:00:00+00:00,0.0
2024-05-23 18:00:00+00:00,0.0
2024-05-23 19:00:00+00:00,0.0
2024-05-24 13:00:00+00:00,0.0
2024-05-24 14:00:00+00:00,0.0
2024-05-24 15:00:00+00:00,0.0
2024-05-24 16:00:00+00:00,0.0
2024-05-24 17:00:00+00:00,0.0
2024-05-24 18:00:00+00:00,0.0
2024-05-24 19:00:00+00:00,0.0
2024-05-28 13:00:00+00:00,0.0
2024-05-28 14:00:00+00:00,0.0
2024-05-28 15:00:00+00:00,0.0
2024-05-28 16:00:00+00:00,0.0
2024-05-28 17:00:00+00:00,0.0
2024-05-28 18:00:00+00:00,0.0
2024-05-28 19:00:00+00:00,0.0
2024-05-29 13:00:00+00:00,0.0
2024-05-29 14:00:00+00:00,0.0
2024-05-29 15:00:00+00:00,0.0
2024-05-29 16:00:00+00:00,0.0
2024-05-29 17:00:00+00:00,0.0
2024-05-29 18:00:00+00:00,0.0
2024-05-29 19:00:00+00:00,0.0
2024-05-30 13:00:00+00:00,0.0
2024-05-30 14:00:00+00:00,0.0
2024-05-30 15:00:00+00:00,0.0
2024-05-30 16:00:00+00:00,0.0
2024-05-30 17:00:00+00:00,0.0
2024-05-30 18:00:00+00:00,0.0
2024-05-30 19:00:00+00:00,0.0
2024-05-31 13:00:00+00:00,0.0
2024-05-31 14:00:00+00:00,0.0
2024-05-31 15:00:00+00:00,0.0
2024-05-31 16:00:00+00:00,0.0
2024-05-31 17:00:00+00:00,0.0
2024-05-31 18:00:00+00:00,0.0
2024-05-31 19:00:00+00:00,0.0
2024-06-03 13:00:00+00:00,0.0
2024-06-03 14:00:00+00:00,0.0
2024-06-03 15:00:00+00:00,0.0
2024-06-03 16:00:00+00:00,0.0
2024-06-03 17:00:00+00:00,0.0
2024-06-03 18:00:00+00:00,0.0
2024-06-03 19:00:00+00:00,0.0
2024-06-04 13:00:00+00:00,0.0
2024-06-04 14:00:00+00:00,0.0
2024-06-04 15:00:00+00:00,0.0
2024-06-04 16:00:00+00:00,0.0
2024-06-04 17:00:00+00:00,0.0
2024-06-04 18:00:00+00:00,0.0
2024-06-04 19:00:00+00:00,0.0
2024-06-05 13:00:00+00:00,0.0
2024-06-05 14:00:00+00:00,0.0
2024-06-05 15:00:00+00:00,0.0
2024-06-05 16:00:00+00:00,0.0
2024-06-05 17:00:00+00:00,0.0
2024-06-05 18:00:00+00:00,0.0
2024-06-05 19:00:00+00:00,0.0
2024-06-06 13:00:00+00:00,0.0
2024-06-06 14:00:00+00:00,0.0
2024-06-06 15:00:00+00:00,0.0
2024-06-06 16:00:00+00:00,0.0
2024-06-06 17:00:00+00:00,0.0
2024-06-06 18:00:00+00:00,0.0
2024-06-06 19:00:00+00:00,0.0
2024-06-07 13:00:00+00:00,0.0
2024-06-07 14:00:00+00:00,0.0
2024-06-07 15:00:00+00:00,0.0
2024-06-07 16:00:00+00:00,0.0
2024-06-07 17:00:00+00:00,0.0
2024-06-07 18:00:00+00:00,0.0
2024-06-07 19:00:00+00:00,0.0
2024-06-10 13:00:00+00:00,0.0
2024-06-10 14:00:00+00:00,0.0
2024-06-10 15:00:00+00:00,0.0
2024-06-10 16:00:00+00:00,0.0
2024-06-10 17:00:00+00:00,0.0
2024-06-10 18:00:00+00:00,0.0
2024-06-10 19:00:00+00:00,0.0
2024-06-11 13:00:00+00:00,0.0
2024-06-11 14:00:00+00:00,0.0
2024-06-11 15:00:00+00:00,0.0
2024-06-11 16:00:00+00:00,0.0
2024-06-11 17:00:00+00:00,0.0
2024-06-11 18:00:00+00:00,0.0
2024-06-11 19:00:00+00:00,0.0
2024-06-12 13:00:00+00:00,0.0
2024-06-12 14:00:00+00:00,0.0
2024-06-12 15:00:00+00:00,0.0
2024-06-12 16:00:00+00:00,0.0
2024-06-12 17:00:00+00:00,0.0
2024-06-12 18:00:00+00:00,0.0
2024-06-12 19:00:00+00:00,0.0
2024-06-13 13:00:00+00:00,0.0
2024-06-13 14:00:00+00:00,0.0
2024-06-13 15:00:00+00:00,0.0
2024-06-13 16:00:00+00:00,0.0
2024-06-13 17:00:00+00:00,0.0
2024-06-13 18:00:00+00:00,0.0
2024-06-13 19:00:00+00:00,0.0
2024-06-14 13:00:00+00:00,0.0
2024-06-14 14:00:00+00:00,0.0
2024-06-14 15:00:00+00:00,0.0
2024-06-14 16:00:00+00:00,0.0
2024-06-14 17:00:00+00:00,0.0
2024-06-14 18:00:00+00:00,0.0
2024-06-14 19:00:00+00:00,0.0
2024-06-17 13:00:00+00:00,0.0
2024-06-17 14:00:00+00:00,0.0
2024-06-17 15:00:00+00:00,0.0
2024-06-17 16:00:00+00:00,0.0
2024-06-17 17:00:00+00:00,0.0
2024-06-17 18:00:00+00:00,0.0
2024-06-17 19:00:00+00:00,0.0
2024-06-18 13:00:00+00:00,0.0
2024-06-18 14:00:00+00:00,0.0
2024-06-18 15:00:00+00:00,0.0
2024-06-18 16:00:00+00:00,0.0
2024-06-18 17:00:00+00:00,0.0
2024-06-18 18:00:00+00:00,0.0
2024-06-18 19:00:00+00:00,0.0
2024-06-20 13:00:00+00:00,0.0
2024-06-20 14:00:00+00:00,0.0
2024-06-20 15:00:00+00:00,0.0
2024-06-20 16:00:00+00:00,0.0
2024-06-20 17:00:00+00:00,0.0
2024-06-20 18:00:00+00:00,0.0
2024-06-20 19:00:00+00:00,0.0
2024-06-21 13:00:00+00:00,0.0
2024-06-21 14:00:00+00:00,0.0
2024-06-21 15:00:00+00:00,0.0
2024-06-21 16:00:00+00:00,0.0
2024-06-21 17:00:00+00:00,0.0
2024-06-21 18:00:00+00:00,0.0
2024-06-21 19:00:00+00:00,0.0
2024-06-24 13:00:00+00:00,0.0
2024-06-24 14:00:00+00:00,0.0
2024-06-24 15:00:00+00:00,0.0
2024-06-24 16:00:00+00:00,0.0
2024-06-24 17:00:00+00:00,0.0
2024-06-24 18:00:00+00:00,0.0
2024-06-24 19:00:00+00:00,0.0
2024-06-25 13:00:00+00:00,0.0
2024-06-25 14:00:00+00:00,0.0
2024-06-25 15:00:00+00:00,0.0
2024-06-25 16:00:00+00:00,0.0
2024-06-25 17:00:00+00:00,0.0
2024-06-25 18:00:00+00:00,0.0
2024-06-25 19:00:00+00:00,0.0
2024-06-26 13:00:00+00:00,0.0
2024-06-26 14:00:00+00:00,0.0
2024-06-26 15:00:00+00:00,0.0
2024-06-26 16:00:00+00:00,0.0
2024-06-26 17:00:00+00:00,0.0
2024-06-26 18:00:00+00:00,0.0
2024-06-26 19:00:00+00:00,0.0
2024-06-27 13:00:00+00:00,0.0
2024-06-27 14:00:00+00:00,0.0
2024-06-27 15:00:00+00:00,0.0
2024-06-27 16:00:00+00:00,0.0
2024-06-27 17:00:00+00:00,0.0
2024-06-27 18:00:00+00:00,0.0
2024-06-27 19:00:00+00:00,0.0
2024-06-28 13:00:00+00:00,0.0
2024-06-28 14:00:00+00:00,0.0
2024-06-28 15:00:00+00:00,0.0
2024-06-28 16:00:00+00:00,0.0
2024-06-28 17:00:00+00:00,0.0
2024-06-28 18:00:00+00:00,0.0
2024-06-28 19:00:00+00:00,0.0
2024-07-01 13:00:00+00:00,0.0
2024-07-01 14:00:00+00:00,0.0
2024-07-01 15:00:00+00:00,0.0
2024-07-01 16:00:00+00:00,0.0
2024-07-01 17:00:00+00:00,0.0
2024-07-01 18:00:00+00:00,0.0
2024-07-01 19:00:00+00:00,0.0
2024-07-02 13:00:00+00:00,0.0
2024-07-02 14:00:00+00:00,0.0
2024-07-02 15:00:00+00:00,0.0
2024-07-02 16:00:00+00:00,0.0
2024-07-02 17:00:00+00:00,0.0
2024-07-02 18:00:00+00:00,0.0
2024-07-02 19:00:00+00:00,0.0
2024-07-03 13:00:00+00:00,0.0
2024-07-03 14:00:00+00:00,0.0
2024-07-03 15:00:00+00:00,0.0
2024-07-05 13:00:00+00:00,0.0
2024-07-05 14:00:00+00:00,0.0
2024-07-05 15:00:00+00:00,0.0
2024-07-05 16:00:00+00:00,0.0
2024-07-05 17:00:00+00:00,0.0
2024-07-05 18:00:00+00:00,0.0
2024-07-05 19:00:00+00:00,0.0
2024-07-08 13:00:00+00:00,0.0
2024-07-08 14:00:00+00:00,0.0
2024-07-08 15:00:00+00:00,0.0
2024-07-08 16:00:00+00:00,0.0
2024-07-08 17:00:00+00:00,0.0
2024-07-08 18:00:00+00:00,0.0
2024-07-08 19:00:00+00:00,0.0
2024-07-09 13:00:00+00:00,0.0
2024-07-09 14:00:00+00:00,0.0
2024-07-09 15:00:00+00:00,0.0
2024-07-09 16:00:00+00:00,0.0
2024-07-09 17:00:00+00:00,0.0
2024-07-09 18:00:00+00:00,0.0
2024-07-09 19:00:00+00:00,0.0
2024-07-10 13:00:00+00:00,0.0
2024-07-10 14:00:00+00:00,0.0
2024-07-10 15:00:00+00:00,0.0
2024-07-10 16:00:00+00:00,0.0
2024-07-10 17:00:00+00:00,0.0
2024-07-10 18:00:00+00:00,0.0
2024-07-10 19:00:00+00:00,0.0
2024-07-11 13:00:00+00:00,0.0
2024-07-11 14:00:00+00:00,0.0
2024-07-11 15:00:00+00:00,0.0
2024-07-11 16:00:00+00:00,0.0
2024-07-11 17:00:00+00:00,0.0
2024-07-11 18:00:00+00:00,0.0
2024-07-11 19:00:00+00:00,0.0
2024-07-12 13:00:00+00:00,0.0
2024-07-12 14:00:00+00:00,0.0
2024-07-12 15:00:00+00:00,0.0
2024-07-12 16:00:00+00:00,0.0
2024-07-12 17:00:00+00:00,0.0
2024-07-12 18:00:00+00:00,0.0
2024-07-12 19:00:00+00:00,0.0
2024-07-15 13:00:00+00:00,0.0
2024-07-15 14:00:00+00:00,0.0
2024-07-15 15:00:00+00:00,0.0
2024-07-15 16:00:00+00:00,0.0
2024-07-15 17:00:00+00:00,0.0
2024-07-15 18:00:00+00:00,0.0
2024-07-15 19:00:00+00:00,0.0
2024-07-16 13:00:00+00:00,0.0
2024-07-16 14:00:00+00:00,0.0
2024-07-16 15:00:00+00:00,0.0
2024-07-16 16:00:00+00:00,0.0
2024-07-16 17:00:00+00:00,0.0
2024-07-16 18:00:00+00:00,0.0
2024-07-16 19:00:00+00:00,0.0
2024-07-17 13:00:00+00:00,0.0
2024-07-17 14:00:00+00:00,0.0
2024-07-17 15:00:00+00:00,0.0
2024-07-17 16:00:00+00:00,0.0
2024-07-17 17:00:00+00:00,0.0
2024-07-17 18:00:00+00:00,0.0
2024-07-17 19:00:00+00:00,0.0
2024-07-18 13:00:00+00:00,0.0
2024-07-18 14:00:00+00:00,0.0
2024-07-18 15:00:00+00:00,0.0
2024-07-18 16:00:00+00:00,0.0
2024-07-18 17:00:00+00:00,0.0
2024-07-18 18:00:00+00:00,0.0
2024-07-18 19:00:00+00:00,0.0
2024-07-19 13:00:00+00:00,0.0
2024-07-19 14:00:00+00:00,0.0
2024-07-19 15:00:00+00:00,0.0
2024-07-19 16:00:00+00:00,0.0
2024-07-19 17:00:00+00:00,0.0
2024-07-19 18:00:00+00:00,0.0
2024-07-19 19:00:00+00:00,0.0
2024-07-22 13:00:00+00:00,0.0
2024-07-22 14:00:00+00:00,0.0
2024-07-22 15:00:00+00:00,0.0
2024-07-22 16:00:00+00:00,0.0
2024-07-22 17:00:00+00:00,0.0
2024-07-22 18:00:00+00:00,0.0
2024-07-22 19:00:00+00:00,0.0
2024-07-23 13:00:00+00:00,0.0
2024-07-23 14:00:00+00:00,0.0
2024-07-23 15:00:00+00:00,0.0
2024-07-23 16:00:00+00:00,0.0
2024-07-23 17:00:00+00:00,0.0
2024-07-23 18:00:00+00:00,0.0
2024-07-23 19:00:00+00:00,0.0
2024-07-24 13:00:00+00:00,0.0
2024-07-24 14:00:00+00:00,0.0
2024-07-24 15:00:00+00:00,0.0
2024-07-24 16:00:00+00:00,0.0
2024-07-24 17:00:00+00:00,0.0
2024-07-24 18:00:00+00:00,0.0
2024-07-24 19:00:00+00:00,0.0
2024-07-25 13:00:00+00:00,0.0
2024-07-25 14:00:00+00:00,0.0
2024-07-25 15:00:00+00:00,0.0
2024-07-25 16:00:00+00:00,0.0
2024-07-25 17:00:00+00:00,0.0
2024-07-25 18:00:00+00:00,0.0
2024-07-25 19:00:00+00:00,0.0
2024-07-26 13:00:00+00:00,0.0
2024-07-26 14:00:00+00:00,0.0
2024-07-26 15:00:00+00:00,0.0
2024-07-26 16:00:00+00:00,0.0
2024-07-26 17:00:00+00:00,0.0
2024-07-26 18:00:00+00:00,0.0
2024-07-26 19:00:00+00:00,0.0
2024-07-29 13:00:00+00:00,0.0
2024-07-29 14:00:00+00:00,0.0
2024-07-29 15:00:00+00:00,0.0
2024-07-29 16:00:00+00:00,0.0
2024-07-29 17:00:00+00:00,0.0
2024-07-29 18:00:00+00:00,0.0
2024-07-29 19:00:00+00:00,0.0
2024-07-30 13:00:00+00:00,0.0
2024-07-30 14:00:00+00:00,0.0
2024-07-30 15:00:00+00:00,0.0
2024-07-30 16:00:00+00:00,0.0
2024-07-30 17:00:00+00:00,0.0
2024-07-30 18:00:00+00:00,0.0
2024-07-30 19:00:00+00:00,0.0
2024-07-31 13:00:00+00:00,0.0
2024-07-31 14:00:00+00:00,0.0
2024-07-31 15:00:00+00:00,0.0
2024-07-31 16:00:00+00:00,0.0
2024-07-31 17:00:00+00:00,0.0
2024-07-31 18:00:00+00:00,0.0
2024-07-31 19:00:00+00:00,0.0
2024-08-01 13:00:00+00:00,0.0
2024-08-01 14:00:00+00:00,0.0
2024-08-01 15:00:00+00:00,0.0
2024-08-01 16:00:00+00:00,0.0
2024-08-01 17:00:00+00:00,0.0
2024-08-01 18:00:00+00:00,0.0
2024-08-01 19:00:00+00:00,0.0
2024-08-02 13:00:00+00:00,0.0
2024-08-02 14:00:00+00:00,0.0
2024-08-02 15:00:00+00:00,0.0
2024-08-02 16:00:00+00:00,0.0
2024-08-02 17:00:00+00:00,0.0
2024-08-02 18:00:00+00:00,0.0
2024-08-02 19:00:00+00:00,-52.31276968752795
2024-08-05 13:00:00+00:00,30.832082075862587
2024-08-05 14:00:00+00:00,8.847035634897978
2024-08-05 15:00:00+00:00,40.891696618508526
2024-08-05 16:00:00+00:00,-10.23482131063588
2024-08-05 17:00:00+00:00,-21.87586057950601
2024-08-05 18:00:00+00:00,25.13595070289876
2024-08-05 19:00:00+00:00,19.99990657460881
2024-08-06 13:00:00+00:00,79.47727342391157
2024-08-06 14:00:00+00:00,51.218191208810325
2024-08-06 15:00:00+00:00,49.29666736409678
2024-08-06 16:00:00+00:00,71.34471695744915
2024-08-06 17:00:00+00:00,101.16794117890075
2024-08-06 18:00:00+00:00,80.45317370488065
2024-08-06 19:00:00+00:00,167.00548285053608
2024-08-07 13:00:00+00:00,88.34818649023427
2024-08-07 14:00:00+00:00,96.58070662040095
2024-08-07 15:00:00+00:00,63.23340525807987
2024-08-07 16:00:00+00:00,48.410044014867196
2024-08-07 17:00:00+00:00,20.278139593497762
2024-08-07 18:00:00+00:00,0.6689218384537838
2024-08-07 19:00:00+00:00,147.90194600644463
2024-08-08 13:00:00+00:00,199.51367941007132
2024-08-08 14:00:00+00:00,200.86195763386874
2024-08-08 15:00:00+00:00,156.88169366654495
2024-08-08 16:00:00+00:00,146.81261725090383
2024-08-08 17:00:00+00:00,132.72620480219052
2024-08-08 18:00:00+00:00,132.66996074024343
2024-08-08 19:00:00+00:00,159.8072722729327
2024-08-09 13:00:00+00:00,178.36659342802812
2024-08-09 14:00:00+00:00,158.9160550429107
2024-08-09 15:00:00+00:00,122.28105394047395
2024-08-09 16:00:00+00:00,94.3690162395286
2024-08-09 17:00:00+00:00,100.10552011876167
2024-08-09 18:00:00+00:00,114.73767955006979
2024-08-09 19:00:00+00:00,150.71256484466295
2024-08-12 13:00:00+00:00,95.30779945065711
2024-08-12 14:00:00+00:00,68.96371512105978
2024-08-12 15:00:00+00:00,57.92937051004115
2024-08-12 16:00:00+00:00,40.94640938685849
2024-08-12 17:00:00+00:00,72.59119378931882
2024-08-12 18:00:00+00:00,148.53115118101408
2024-08-12 19:00:00+00:00,118.15059586745642
2024-08-13 13:00:00+00:00,128.25023350861417
2024-08-13 14:00:00+00:00,146.28013493947262
2024-08-13 15:00:00+00:00,86.7662922268515
2024-08-13 16:00:00+00:00,112.97389472460522
2024-08-13 17:00:00+00:00,88.8227964949259
2024-08-13 18:00:00+00:00,93.66734603957615
2024-08-13 19:00:00+00:00,86.68130274127918
2024-08-14 13:00:00+00:00,114.70924056107091
2024-08-14 14:00:00+00:00,97.64006509334465
2024-08-14 15:00:00+00:00,51.43105051735751
2024-08-14 16:00:00+00:00,78.00459363074293
2024-08-14 17:00:00+00:00,60.60334968153249
2024-08-14 18:00:00+00:00,63.21463213526246
2024-08-14 19:00:00+00:00,95.25870217595406
2024-08-15 13:00:00+00:00,212.09282783043304
2024-08-15 14:00:00+00:00,227.3269783062825
2024-08-15 15:00:00+00:00,230.98478833813874
2024-08-15 16:00:00+00:00,236.89402734108654
2024-08-15 17:00:00+00:00,234.87406927172546
2024-08-15 18:00:00+00:00,210.07806030296524
2024-08-15 19:00:00+00:00,190.0450627453727
2024-08-16 13:00:00+00:00,98.58693544239422
2024-08-16 14:00:00+00:00,67.80403190341055
2024-08-16 15:00:00+00:00,65.85282228439364
2024-08-16 16:00:00+00:00,63.90283752434743
2024-08-16 17:00:00+00:00,32.15962075178052
2024-08-16 18:00:00+00:00,42.751059953090206
2024-08-16 19:00:00+00:00,62.41269183697884
2024-08-19 13:00:00+00:00,-11.786636835264261
2024-08-19 14:00:00+00:00,-34.61010159906617
2024-08-19 15:00:00+00:00,-7.0982469138985635
2024-08-19 16:00:00+00:00,-15.490977707589451
2024-08-19 17:00:00+00:00,-29.0460264089203
2024-08-19 18:00:00+00:00,-43.834742973637205
2024-08-19 19:00:00+00:00,-55.89811469400237
2024-08-20 13:00:00+00:00,-68.33386435719589
2024-08-20 14:00:00+00:00,-66.97837771600345
2024-08-20 15:00:00+00:00,-82.6083355155127
2024-08-20 16:00:00+00:00,-87.67503185198876
2024-08-20 17:00:00+00:00,-82.2784523154691
2024-08-20 18:00:00+00:00,-82.3199866357857
2024-08-20 19:00:00+00:00,-58.53936743032828
2024-08-21 13:00:00+00:00,-115.15502387996094
2024-08-21 14:00:00+00:00,-123.87488172112651
2024-08-21 15:00:00+00:00,-112.31412832451912
2024-08-21 16:00:00+00:00,-96.82859574679358
2024-08-21 17:00:00+00:00,-96.14810360408526
2024-08-21 18:00:00+00:00,-99.26169794694547
2024-08-21 19:00:00+00:00,-105.7304332516476
2024-08-22 13:00:00+00:00,-122.09887887009897
2024-08-22 14:00:00+00:00,-120.19232920351678
2024-08-22 15:00:00+00:00,-142.05236306039725
2024-08-22 16:00:00+00:00,-96.58348469930309
2024-08-22 17:00:00+00:00,-100.2987855784115
2024-08-22 18:00:00+00:00,-100.61367267398938
2024-08-22 19:00:00+00:00,-142.1975995457901
2024-08-23 13:00:00+00:00,-125.72365603216393
2024-08-23 14:00:00+00:00,-21.21126062338719
2024-08-23 15:00:00+00:00,18.116888319750316
2024-08-23 16:00:00+00:00,41.01494677071743
2024-08-23 17:00:00+00:00,22.22141003645949
2024-08-23 18:00:00+00:00,-18.042013161499405
2024-08-23 19:00:00+00:00,-28.555932545352995
2024-08-26 13:00:00+00:00,-27.661018812084514
2024-08-26 14:00:00+00:00,9.475966698058834
2024-08-26 15:00:00+00:00,-6.272735618817675
2024-08-26 16:00:00+00:00,8.243873101400933
2024-08-26 17:00:00+00:00,26.689765781923477
2024-08-26 18:00:00+00:00,33.301899843794416
2024-08-26 19:00:00+00:00,-13.603942729916568
2024-08-27 13:00:00+00:00,-8.499706612448318
2024-08-27 14:00:00+00:00,32.78242664055074
2024-08-27 15:00:00+00:00,35.96102624291539
2024-08-27 16:00:00+00:00,33.90172567868749
2024-08-27 17:00:00+00:00,45.657070727882996
2024-08-27 18:00:00+00:00,70.6238385032149
2024-08-27 19:00:00+00:00,76.58995548415982
2024-08-28 13:00:00+00:00,102.95560343578947
2024-08-28 14:00:00+00:00,83.41885070612844
2024-08-28 15:00:00+00:00,104.76188300403989
2024-08-28 16:00:00+00:00,102.40895907564814
2024-08-28 17:00:00+00:00,76.72503806731609
2024-08-28 18:00:00+00:00,82.6294348680347
2024-08-28 19:00:00+00:00,88.92543504902267
2024-08-29 13:00:00+00:00,52.29984913198673
2024-08-29 14:00:00+00:00,33.90019438509037
2024-08-29 15:00:00+00:00,18.69754548543451
2024-08-29 16:00:00+00:00,37.45188978887869
2024-08-29 17:00:00+00:00,64.36943568746628
2024-08-29 18:00:00+00:00,54.672737214654646
2024-08-29 19:00:00+00:00,20.791519945569064
2024-08-30 13:00:00+00:00,-44.67670637043267
2024-08-30 14:00:00+00:00,-63.59894359536183
2024-08-30 15:00:00+00:00,-53.5445568495589
2024-08-30 16:00:00+00:00,-58.49865230257569
2024-08-30 17:00:00+00:00,-55.50829092876575
2024-08-30 18:00:00+00:00,-97.56425297247324
2024-08-30 19:00:00+00:00,-82.31541282678558
2024-09-03 13:00:00+00:00,-160.40956975210156
2024-09-03 14:00:00+00:00,-198.80772176395226
2024-09-03 15:00:00+00:00,-209.42191124613706
2024-09-03 16:00:00+00:00,-234.2949848392534
2024-09-03 17:00:00+00:00,-230.91052758265846
2024-09-03 18:00:00+00:00,-196.61378364011347
2024-09-03 19:00:00+00:00,-125.6967483367628
2024-09-04 13:00:00+00:00,-154.65196652034652
2024-09-04 14:00:00+00:00,-125.1161307561521
2024-09-04 15:00:00+00:00,-98.03394472136121
2024-09-04 16:00:00+00:00,-61.257012833561824
2024-09-04 17:00:00+00:00,-10.835512199857199
2024-09-04 18:00:00+00:00,-46.308085605321274
2024-09-04 19:00:00+00:00,-49.348623979877864
2024-09-05 13:00:00+00:00,-44.6589541133986
2024-09-05 14:00:00+00:00,-58.18619774178121
2024-09-05 15:00:00+00:00,-42.350056221390396
2024-09-05 16:00:00+00:00,-12.319582229369384
2024-09-05 17:00:00+00:00,-11.116833595915073
2024-09-05 18:00:00+00:00,2.5391191197975775
2024-09-05 19:00:00+00:00,-2.1156543586921996
2024-09-06 13:00:00+00:00,-133.59632267969113
2024-09-06 14:00:00+00:00,-129.16998637213604
2024-09-06 15:00:00+00:00,-126.67111732413366
2024-09-06 16:00:00+00:00,-127.50302790501381
2024-09-06 17:00:00+00:00,-109.90279512453206
2024-09-06 18:00:00+00:00,-111.73425229984139
2024-09-06 19:00:00+00:00,-78.0268462549682
2024-09-09 13:00:00+00:00,-112.95861411184694
2024-09-09 14:00:00+00:00,-167.92485456126377
2024-09-09 15:00:00+00:00,-232.33125076004654
2024-09-09 16:00:00+00:00,-227.16676764275832
2024-09-09 17:00:00+00:00,-208.30931318525018
2024-09-09 18:00:00+00:00,-190.47186894825848
2024-09-09 19:00:00+00:00,-186.39671458651108
2024-09-10 13:00:00+00:00,-176.92840435644115
2024-09-10 14:00:00+00:00,-208.7566106145798
2024-09-10 15:00:00+00:00,-221.7243579412081
2024-09-10 16:00:00+00:00,-221.2718327150343
2024-09-10 17:00:00+00:00,-199.30421491331936
2024-09-10 18:00:00+00:00,-197.897527417926
2024-09-10 19:00:00+00:00,-205.67051491004145
2024-09-11 13:00:00+00:00,-146.6435252604217
2024-09-11 14:00:00+00:00,-134.72261194654723
2024-09-11 15:00:00+00:00,-153.15169272071438
2024-09-11 16:00:00+00:00,-143.2838104895791
2024-09-11 17:00:00+00:00,-172.61598042499244
2024-09-11 18:00:00+00:00,-173.84870793770094
2024-09-11 19:00:00+00:00,-187.27504755170173
2024-09-12 13:00:00+00:00,-139.67916186068118
2024-09-12 14:00:00+00:00,-78.1864107510169
2024-09-12 15:00:00+00:00,-96.81819693149471
2024-09-12 16:00:00+00:00,-111.3323340074381
2024-09-12 17:00:00+00:00,-70.4928785130038
2024-09-12 18:00:00+00:00,-42.478405504078424
2024-09-12 19:00:00+00:00,-40.06982845665912
2024-09-13 13:00:00+00:00,-85.27912343344491
2024-09-13 14:00:00+00:00,-100.04062586813367
2024-09-13 15:00:00+00:00,-160.2881250048995
2024-09-13 16:00:00+00:00,-154.7365742749436
2024-09-13 17:00:00+00:00,-178.08953189809426
2024-09-13 18:00:00+00:00,-107.67146138838653
2024-09-13 19:00:00+00:00,-134.68128869271646
2024-09-16 13:00:00+00:00,-206.4023865308691
2024-09-16 14:00:00+00:00,-172.90737700187793
2024-09-16 15:00:00+00:00,-170.81723231373863
2024-09-16 16:00:00+00:00,-135.42604457837547
2024-09-16 17:00:00+00:00,-128.66961438178978
2024-09-16 18:00:00+00:00,-92.5797693190272
2024-09-16 19:00:00+00:00,-92.13492635081475
2024-09-17 13:00:00+00:00,-61.09243942752272
2024-09-17 14:00:00+00:00,-91.6478950744428
2024-09-17 15:00:00+00:00,-119.47647458341291
2024-09-17 16:00:00+00:00,-120.70449848281125
2024-09-17 17:00:00+00:00,-128.89953391812858
2024-09-17 18:00:00+00:00,-142.59951267022478
2024-09-17 19:00:00+00:00,-138.5243583084774
2024-09-18 13:00:00+00:00,-116.20700512556016
2024-09-18 14:00:00+00:00,-134.27894046729048
2024-09-18 15:00:00+00:00,-148.39379190500318
2024-09-18 16:00:00+00:00,-123.77971075327508
2024-09-18 17:00:00+00:00,-83.73026203985403
2024-09-18 18:00:00+00:00,-103.84120074110815
2024-09-18 19:00:00+00:00,-97.15754200453239
2024-09-19 13:00:00+00:00,36.59682612903464
2024-09-19 14:00:00+00:00,97.91653568035781
2024-09-19 15:00:00+00:00,103.56835650864494
2024-09-19 16:00:00+00:00,59.69111879222128
2024-09-19 17:00:00+00:00,35.52065574973551
2024-09-19 18:00:00+00:00,37.1138276880031
2024-09-19 19:00:00+00:00,73.04593373151612
2024-09-20 13:00:00+00:00,-9.006703319454616
2024-09-20 14:00:00+00:00,13.211865088376324
2024-09-20 15:00:00+00:00,19.91872121184895
2024-09-20 16:00:00+00:00,-17.9074100380569
2024-09-20 17:00:00+00:00,44.15515648031824
2024-09-20 18:00:00+00:00,30.55103057607662
2024-09-20 19:00:00+00:00,71.097195756775
2024-09-23 13:00:00+00:00,31.246888021155804
2024-09-23 14:00:00+00:00,7.0702210995561074
2024-09-23 15:00:00+00:00,-20.241065358375742
2024-09-23 16:00:00+00:00,-27.301963673924703
2024-09-23 17:00:00+00:00,-48.871613196202276
2024-09-23 18:00:00+00:00,-30.582234675958027
2024-09-23 19:00:00+00:00,-46.57583070730412
2024-09-24 13:00:00+00:00,3.5415000839850563
2024-09-24 14:00:00+00:00,-0.026779029037374613
2024-09-24 15:00:00+00:00,45.37269689386915
2024-09-24 16:00:00+00:00,77.78945131201661
2024-09-24 17:00:00+00:00,66.44362134728287
2024-09-24 18:00:00+00:00,56.41113268871257
2024-09-24 19:00:00+00:00,70.76091327093263
2024-09-25 13:00:00+00:00,94.80266722608893
2024-09-25 14:00:00+00:00,120.909999625512
2024-09-25 15:00:00+00:00,95.50239694907624
2024-09-25 16:00:00+00:00,108.41365540928086
2024-09-25 17:00:00+00:00,109.1196331271922
2024-09-25 18:00:00+00:00,126.66178411750337
2024-09-25 19:00:00+00:00,101.54598201956513
2024-09-26 13:00:00+00:00,152.81220220263185
2024-09-26 14:00:00+00:00,176.50726105138915
2024-09-26 15:00:00+00:00,203.83352867122844
2024-09-26 16:00:00+00:00,204.99532245215164
2024-09-26 17:00:00+00:00,215.68167052509358
2024-09-26 18:00:00+00:00,260.7365735781183
2024-09-26 19:00:00+00:00,242.69180426405046
2024-09-27 13:00:00+00:00,208.12666905204594
2024-09-27 14:00:00+00:00,213.0175130312382
2024-09-27 15:00:00+00:00,236.3129798071384
2024-09-27 16:00:00+00:00,213.54857034399424
2024-09-27 17:00:00+00:00,229.8017497596487
2024-09-27 18:00:00+00:00,202.8771964491848
2024-09-27 19:00:00+00:00,214.46669526941798
2024-09-30 13:00:00+00:00,202.43112862200164
2024-09-30 14:00:00+00:00,221.3518345533337
2024-09-30 15:00:00+00:00,210.995063245809
2024-09-30 16:00:00+00:00,215.76599895968187
2024-09-30 17:00:00+00:00,182.47859787039656
2024-09-30 18:00:00+00:00,187.46814563997293
2024-09-30 19:00:00+00:00,196.76555847455387
2024-10-01 13:00:00+00:00,187.16823272252637
2024-10-01 14:00:00+00:00,122.84047482588397
2024-10-01 15:00:00+00:00,179.4252155130063
2024-10-01 16:00:00+00:00,125.04599192999946
2024-10-01 17:00:00+00:00,164.8811081544664
2024-10-01 18:00:00+00:00,155.7014112406238
2024-10-01 19:00:00+00:00,149.08774588515575
2024-10-02 13:00:00+00:00,128.34394847921672
2024-10-02 14:00:00+00:00,99.12147037154347
2024-10-02 15:00:00+00:00,76.53198131355515
2024-10-02 16:00:00+00:00,103.2981397623862
2024-10-02 17:00:00+00:00,126.99472990474172
2024-10-02 18:00:00+00:00,67.89527522973786
2024-10-02 19:00:00+00:00,63.56576528052511
2024-10-03 13:00:00+00:00,1.0818332771340167
2024-10-03 14:00:00+00:00,-4.887346291006221
2024-10-03 15:00:00+00:00,-11.853497902437102
2024-10-03 16:00:00+00:00,12.753543504037932
2024-10-03 17:00:00+00:00,-34.00890031250479
2024-10-03 18:00:00+00:00,-62.69754488306076
2024-10-03 19:00:00+00:00,-49.156836443810086
2024-10-04 13:00:00+00:00,72.41920020122296
2024-10-04 14:00:00+00:00,91.6860102960328
2024-10-04 15:00:00+00:00,141.1459509108491
2024-10-04 16:00:00+00:00,132.41081245692524
2024-10-04 17:00:00+00:00,148.03262148836308
2024-10-04 18:00:00+00:00,108.64298214815862
2024-10-04 19:00:00+00:00,110.49328775279373
2024-10-07 13:00:00+00:00,147.15209099030585
2024-10-07 14:00:00+00:00,139.6334590856546
2024-10-07 15:00:00+00:00,178.80007432827963
2024-10-07 16:00:00+00:00,185.93514540517597
2024-10-07 17:00:00+00:00,215.78280567775298
2024-10-07 18:00:00+00:00,227.66625392880184
2024-10-07 19:00:00+00:00,259.3154705242954
2024-10-08 13:00:00+00:00,105.25967630872714
2024-10-08 14:00:00+00:00,121.16237445401234
2024-10-08 15:00:00+00:00,133.787740736208
2024-10-08 16:00:00+00:00,162.73504841218764
2024-10-08 17:00:00+00:00,158.48963057100073
2024-10-08 18:00:00+00:00,156.03639357114614
2024-10-08 19:00:00+00:00,182.77352208805937
2024-10-09 13:00:00+00:00,213.89824234435537
2024-10-09 14:00:00+00:00,219.1079763569984
2024-10-09 15:00:00+00:00,219.60838932752162
2024-10-09 16:00:00+00:00,184.02306150712326
2024-10-09 17:00:00+00:00,238.6159836630336
2024-10-09 18:00:00+00:00,186.5041035799261
2024-10-09 19:00:00+00:00,195.02431860197632
2024-10-10 13:00:00+00:00,50.55056952567611
2024-10-10 14:00:00+00:00,52.09506035638478
2024-10-10 15:00:00+00:00,31.242795981676338
2024-10-10 16:00:00+00:00,67.58852792550194
2024-10-10 17:00:00+00:00,61.5793252588499
2024-10-10 18:00:00+00:00,57.63382033510953
2024-10-10 19:00:00+00:00,78.00217721102376
2024-10-11 13:00:00+00:00,70.8042730680479
2024-10-11 14:00:00+00:00,53.08346502575038
2024-10-11 15:00:00+00:00,70.63212888725386
2024-10-11 16:00:00+00:00,57.56441789692134
2024-10-11 17:00:00+00:00,61.091333560007556
2024-10-11 18:00:00+00:00,52.75919731935372
2024-10-11 19:00:00+00:00,37.268219611764266
2024-10-14 13:00:00+00:00,-33.433312990037024
2024-10-14 14:00:00+00:00,-11.870993241377782
2024-10-14 15:00:00+00:00,-21.29558386969055
2024-10-14 16:00:00+00:00,0.7943695235287329
2024-10-14 17:00:00+00:00,-1.3570738575236225
2024-10-14 18:00:00+00:00,-14.81215889515023
2024-10-14 19:00:00+00:00,-19.129450818799995
2024-10-15 13:00:00+00:00,-113.90177570622558
2024-10-15 14:00:00+00:00,-100.31579629982724
2024-10-15 15:00:00+00:00,-102.78490485535966
2024-10-15 16:00:00+00:00,-107.47457472183892
2024-10-15 17:00:00+00:00,-45.12241439297319
2024-10-15 18:00:00+00:00,-24.06401439974883
2024-10-15 19:00:00+00:00,-47.503777310364356
2024-10-16 13:00:00+00:00,15.15505502638915
2024-10-16 14:00:00+00:00,63.699342360056335
2024-10-16 15:00:00+00:00,156.63999120563454
2024-10-16 16:00:00+00:00,183.62231987164375
2024-10-16 17:00:00+00:00,214.83754191864995
2024-10-16 18:00:00+00:00,205.70128009827076
2024-10-16 19:00:00+00:00,240.4584339846206
2024-10-17 13:00:00+00:00,190.11787321102332
2024-10-17 14:00:00+00:00,187.9123976652654
2024-10-17 15:00:00+00:00,176.91048658256943
2024-10-17 16:00:00+00:00,203.2190131664978
2024-10-17 17:00:00+00:00,226.0690030581344
2024-10-17 18:00:00+00:00,194.26770449539634
2024-10-17 19:00:00+00:00,206.65942812220575
2024-10-18 13:00:00+00:00,248.31641096230953
2024-10-18 14:00:00+00:00,199.05764446020623
2024-10-18 15:00:00+00:00,190.79637890641376
2024-10-18 16:00:00+00:00,223.64514539795735
2024-10-18 17:00:00+00:00,231.73551355625972
2024-10-18 18:00:00+00:00,254.28559053044975
2024-10-18 19:00:00+00:00,234.58205484669364
2024-10-21 13:00:00+00:00,338.1462216175953
2024-10-21 14:00:00+00:00,324.2288477893497
2024-10-21 15:00:00+00:00,338.96037994144194
2024-10-21 16:00:00+00:00,365.11079802657156
2024-10-21 17:00:00+00:00,365.11079802657156
2024-10-21 18:00:00+00:00,365.11079802657156
2024-10-21 19:00:00+00:00,365.11079802657156
2024-10-22 13:00:00+00:00,365.11079802657156
2024-10-22 14:00:00+00:00,365.11079802657156
2024-10-22 15:00:00+00:00,365.11079802657156
2024-10-22 16:00:00+00:00,365.11079802657156
2024-10-22 17:00:00+00:00,365.11079802657156
2024-10-22 18:00:00+00:00,365.11079802657156
2024-10-22 19:00:00+00:00,365.11079802657156
2024-10-23 13:00:00+00:00,365.11079802657156
2024-10-23 14:00:00+00:00,365.11079802657156
2024-10-23 15:00:00+00:00,365.11079802657156
2024-10-23 16:00:00+00:00,365.11079802657156
2024-10-23 17:00:00+00:00,365.11079802657156
2024-10-23 18:00:00+00:00,365.11079802657156
2024-10-23 19:00:00+00:00,365.11079802657156
2024-10-24 13:00:00+00:00,365.11079802657156
2024-10-24 14:00:00+00:00,365.11079802657156
2024-10-24 15:00:00+00:00,365.11079802657156
2024-10-24 16:00:00+00:00,365.11079802657156
2024-10-24 17:00:00+00:00,365.11079802657156
2024-10-24 18:00:00+00:00,365.11079802657156
2024-10-24 19:00:00+00:00,365.11079802657156
2024-10-25 13:00:00+00:00,365.11079802657156
2024-10-25 14:00:00+00:00,365.11079802657156
2024-10-25 15:00:00+00:00,365.11079802657156
2024-10-25 16:00:00+00:00,365.11079802657156
2024-10-25 17:00:00+00:00,365.11079802657156
2024-10-25 18:00:00+00:00,365.11079802657156
2024-10-25 19:00:00+00:00,365.11079802657156
2024-10-28 13:00:00+00:00,365.11079802657156
2024-10-28 14:00:00+00:00,365.11079802657156
2024-10-28 15:00:00+00:00,365.11079802657156
2024-10-28 16:00:00+00:00,365.11079802657156
2024-10-28 17:00:00+00:00,365.11079802657156
2024-10-28 18:00:00+00:00,365.11079802657156
2024-10-28 19:00:00+00:00,365.11079802657156
2024-10-29 13:00:00+00:00,365.11079802657156
2024-10-29 14:00:00+00:00,365.11079802657156
2024-10-29 15:00:00+00:00,365.11079802657156
2024-10-29 16:00:00+00:00,365.11079802657156
2024-10-29 17:00:00+00:00,365.11079802657156
2024-10-29 18:00:00+00:00,365.11079802657156
2024-10-29 19:00:00+00:00,365.11079802657156
2024-10-30 13:00:00+00:00,365.11079802657156
2024-10-30 14:00:00+00:00,365.11079802657156
2024-10-30 15:00:00+00:00,365.11079802657156
2024-10-30 16:00:00+00:00,365.11079802657156
2024-10-30 17:00:00+00:00,365.11079802657156
2024-10-30 18:00:00+00:00,365.11079802657156
2024-10-30 19:00:00+00:00,365.11079802657156
2024-10-31 13:00:00+00:00,365.11079802657156
2024-10-31 14:00:00+00:00,365.11079802657156
2024-10-31 15:00:00+00:00,365.11079802657156
2024-10-31 16:00:00+00:00,365.11079802657156
2024-10-31 17:00:00+00:00,365.11079802657156
2024-10-31 18:00:00+00:00,365.11079802657156
2024-10-31 19:00:00+00:00,365.11079802657156
2024-11-01 13:00:00+00:00,365.11079802657156
2024-11-01 14:00:00+00:00,365.11079802657156
2024-11-01 15:00:00+00:00,365.11079802657156
2024-11-01 16:00:00+00:00,365.11079802657156
2024-11-01 17:00:00+00:00,365.11079802657156
2024-11-01 18:00:00+00:00,365.11079802657156
2024-11-01 19:00:00+00:00,365.11079802657156
2024-11-04 14:00:00+00:00,365.11079802657156
2024-11-04 15:00:00+00:00,365.11079802657156
2024-11-04 16:00:00+00:00,365.11079802657156
2024-11-04 17:00:00+00:00,365.11079802657156
2024-11-04 18:00:00+00:00,365.11079802657156
2024-11-04 19:00:00+00:00,365.11079802657156
2024-11-04 20:00:00+00:00,365.11079802657156
2024-11-05 14:00:00+00:00,365.11079802657156
2024-11-05 15:00:00+00:00,365.11079802657156
2024-11-05 16:00:00+00:00,365.11079802657156
2024-11-05 17:00:00+00:00,365.11079802657156
2024-11-05 18:00:00+00:00,365.11079802657156
2024-11-05 19:00:00+00:00,365.11079802657156
2024-11-05 20:00:00+00:00,365.11079802657156
2024-11-06 14:00:00+00:00,365.11079802657156
2024-11-06 15:00:00+00:00,365.11079802657156
2024-11-06 16:00:00+00:00,365.11079802657156
2024-11-06 17:00:00+00:00,365.11079802657156
2024-11-06 18:00:00+00:00,365.11079802657156
2024-11-06 19:00:00+00:00,365.11079802657156
2024-11-06 20:00:00+00:00,365.11079802657156
2024-11-07 14:00:00+00:00,365.11079802657156
2024-11-07 15:00:00+00:00,365.11079802657156
2024-11-07 16:00:00+00:00,365.11079802657156
2024-11-07 17:00:00+00:00,365.11079802657156
2024-11-07 18:00:00+00:00,365.11079802657156
2024-11-07 19:00:00+00:00,365.11079802657156
2024-11-07 20:00:00+00:00,365.11079802657156
2024-11-08 14:00:00+00:00,365.11079802657156
2024-11-08 15:00:00+00:00,365.11079802657156
2024-11-08 16:00:00+00:00,365.11079802657156
2024-11-08 17:00:00+00:00,365.11079802657156
2024-11-08 18:00:00+00:00,365.11079802657156
2024-11-08 19:00:00+00:00,365.11079802657156
2024-11-08 20:00:00+00:00,365.11079802657156
2024-11-11 14:00:00+00:00,365.11079802657156
2024-11-11 15:00:00+00:00,365.11079802657156
2024-11-11 16:00:00+00:00,365.11079802657156
2024-11-11 17:00:00+00:00,365.11079802657156
2024-11-11 18:00:00+00:00,365.11079802657156
2024-11-11 19:00:00+00:00,365.11079802657156
2024-11-11 20:00:00+00:00,365.11079802657156
2024-11-12 14:00:00+00:00,365.11079802657156
2024-11-12 15:00:00+00:00,365.11079802657156
2024-11-12 16:00:00+00:00,365.11079802657156
2024-11-12 17:00:00+00:00,365.11079802657156
2024-11-12 18:00:00+00:00,365.11079802657156
2024-11-12 19:00:00+00:00,365.11079802657156
2024-11-12 20:00:00+00:00,365.11079802657156
2024-11-13 14:00:00+00:00,365.11079802657156
2024-11-13 15:00:00+00:00,365.11079802657156
2024-11-13 16:00:00+00:00,365.11079802657156
2024-11-13 17:00:00+00:00,365.11079802657156
2024-11-13 18:00:00+00:00,365.11079802657156
2024-11-13 19:00:00+00:00,365.11079802657156
2024-11-13 20:00:00+00:00,365.11079802657156
2024-11-14 14:00:00+00:00,365.11079802657156
2024-11-14 15:00:00+00:00,365.11079802657156
2024-11-14 16:00:00+00:00,365.11079802657156
2024-11-14 17:00:00+00:00,365.11079802657156
2024-11-14 18:00:00+00:00,365.11079802657156
2024-11-14 19:00:00+00:00,365.11079802657156
2024-11-14 20:00:00+00:00,365.11079802657156
2024-11-15 14:00:00+00:00,365.11079802657156
2024-11-15 15:00:00+00:00,365.11079802657156
2024-11-15 16:00:00+00:00,365.11079802657156
2024-11-15 17:00:00+00:00,365.11079802657156
2024-11-15 18:00:00+00:00,365.11079802657156
2024-11-15 19:00:00+00:00,365.11079802657156
2024-11-15 20:00:00+00:00,365.11079802657156
2024-11-18 14:00:00+00:00,365.11079802657156
2024-11-18 15:00:00+00:00,365.11079802657156
2024-11-18 16:00:00+00:00,365.11079802657156
2024-11-18 17:00:00+00:00,365.11079802657156
2024-11-18 18:00:00+00:00,365.11079802657156
2024-11-18 19:00:00+00:00,365.11079802657156
2024-11-18 20:00:00+00:00,365.11079802657156
2024-11-19 14:00:00+00:00,365.11079802657156
2024-11-19 15:00:00+00:00,365.11079802657156
2024-11-19 16:00:00+00:00,365.11079802657156
2024-11-19 17:00:00+00:00,365.11079802657156
2024-11-19 18:00:00+00:00,365.11079802657156
2024-11-19 19:00:00+00:00,365.11079802657156
2024-11-19 20:00:00+00:00,365.11079802657156
2024-11-20 14:00:00+00:00,365.11079802657156
2024-11-20 15:00:00+00:00,365.11079802657156
2024-11-20 16:00:00+00:00,365.11079802657156
2024-11-20 17:00:00+00:00,365.11079802657156
2024-11-20 18:00:00+00:00,365.11079802657156
2024-11-20 19:00:00+00:00,365.11079802657156
2024-11-20 20:00:00+00:00,365.11079802657156
2024-11-21 14:00:00+00:00,365.11079802657156
2024-11-21 15:00:00+00:00,365.11079802657156
2024-11-21 16:00:00+00:00,365.11079802657156
2024-11-21 17:00:00+00:00,365.11079802657156
2024-11-21 18:00:00+00:00,365.11079802657156
2024-11-21 19:00:00+00:00,365.11079802657156
2024-11-21 20:00:00+00:00,365.11079802657156
2024-11-22 14:00:00+00:00,365.11079802657156
2024-11-22 15:00:00+00:00,365.11079802657156
2024-11-22 16:00:00+00:00,365.11079802657156
2024-11-22 17:00:00+00:00,365.11079802657156
2024-11-22 18:00:00+00:00,365.11079802657156
2024-11-22 19:00:00+00:00,365.11079802657156
2024-11-22 20:00:00+00:00,365.11079802657156
2024-11-25 14:00:00+00:00,365.11079802657156
2024-11-25 15:00:00+00:00,365.11079802657156
2024-11-25 16:00:00+00:00,365.11079802657156
2024-11-25 17:00:00+00:00,365.11079802657156
2024-11-25 18:00:00+00:00,365.11079802657156
2024-11-25 19:00:00+00:00,365.11079802657156
2024-11-25 20:00:00+00:00,365.11079802657156
2024-11-26 14:00:00+00:00,365.11079802657156
2024-11-26 15:00:00+00:00,365.11079802657156
2024-11-26 16:00:00+00:00,365.11079802657156
2024-11-26 17:00:00+00:00,365.11079802657156
2024-11-26 18:00:00+00:00,365.11079802657156
2024-11-26 19:00:00+00:00,365.11079802657156
2024-11-26 20:00:00+00:00,365.11079802657156
2024-11-27 14:00:00+00:00,365.11079802657156
2024-11-27 15:00:00+00:00,365.11079802657156
2024-11-27 16:00:00+00:00,365.11079802657156
2024-11-27 17:00:00+00:00,365.11079802657156
2024-11-27 18:00:00+00:00,365.11079802657156
2024-11-27 19:00:00+00:00,365.11079802657156
2024-11-27 20:00:00+00:00,365.11079802657156
2024-11-29 14:00:00+00:00,365.11079802657156
2024-11-29 15:00:00+00:00,365.11079802657156
2024-11-29 16:00:00+00:00,365.11079802657156
2024-12-02 14:00:00+00:00,365.11079802657156
2024-12-02 15:00:00+00:00,365.11079802657156
2024-12-02 16:00:00+00:00,365.11079802657156
2024-12-02 17:00:00+00:00,365.11079802657156
2024-12-02 18:00:00+00:00,365.11079802657156
2024-12-02 19:00:00+00:00,365.11079802657156
2024-12-02 20:00:00+00:00,365.11079802657156
2024-12-03 14:00:00+00:00,365.11079802657156
2024-12-03 15:00:00+00:00,365.11079802657156
2024-12-03 16:00:00+00:00,365.11079802657156
2024-12-03 17:00:00+00:00,365.11079802657156
2024-12-03 18:00:00+00:00,365.11079802657156
2024-12-03 19:00:00+00:00,365.11079802657156
2024-12-03 20:00:00+00:00,365.11079802657156
2024-12-04 14:00:00+00:00,365.11079802657156
2024-12-04 15:00:00+00:00,365.11079802657156
2024-12-04 16:00:00+00:00,365.11079802657156
2024-12-04 17:00:00+00:00,365.11079802657156
2024-12-04 18:00:00+00:00,365.11079802657156
2024-12-04 19:00:00+00:00,365.11079802657156
2024-12-04 20:00:00+00:00,365.11079802657156
2024-12-05 14:00:00+00:00,365.11079802657156
2024-12-05 15:00:00+00:00,365.11079802657156
2024-12-05 16:00:00+00:00,365.11079802657156
2024-12-05 17:00:00+00:00,365.11079802657156
2024-12-05 18:00:00+00:00,365.11079802657156
2024-12-05 19:00:00+00:00,365.11079802657156
2024-12-05 20:00:00+00:00,365.11079802657156
2024-12-06 14:00:00+00:00,365.11079802657156
2024-12-06 15:00:00+00:00,365.11079802657156
2024-12-06 16:00:00+00:00,365.11079802657156
2024-12-06 17:00:00+00:00,365.11079802657156
2024-12-06 18:00:00+00:00,365.11079802657156
2024-12-06 19:00:00+00:00,365.11079802657156
2024-12-06 20:00:00+00:00,365.11079802657156
2024-12-09 14:00:00+00:00,365.11079802657156
2024-12-09 15:00:00+00:00,365.11079802657156
2024-12-09 16:00:00+00:00,365.11079802657156
2024-12-09 17:00:00+00:00,365.11079802657156
2024-12-09 18:00:00+00:00,365.11079802657156
2024-12-09 19:00:00+00:00,365.11079802657156
2024-12-09 20:00:00+00:00,365.11079802657156
2024-12-10 14:00:00+00:00,365.11079802657156
2024-12-10 15:00:00+00:00,365.11079802657156
2024-12-10 16:00:00+00:00,365.11079802657156
2024-12-10 17:00:00+00:00,365.11079802657156
2024-12-10 18:00:00+00:00,365.11079802657156
2024-12-10 19:00:00+00:00,365.11079802657156
2024-12-10 20:00:00+00:00,365.11079802657156
2024-12-11 14:00:00+00:00,365.11079802657156
2024-12-11 15:00:00+00:00,365.11079802657156
2024-12-11 16:00:00+00:00,365.11079802657156
2024-12-11 17:00:00+00:00,365.11079802657156
2024-12-11 18:00:00+00:00,365.11079802657156
2024-12-11 19:00:00+00:00,365.11079802657156
2024-12-11 20:00:00+00:00,365.11079802657156
2024-12-12 14:00:00+00:00,365.11079802657156
2024-12-12 15:00:00+00:00,365.11079802657156
2024-12-12 16:00:00+00:00,365.11079802657156
2024-12-12 17:00:00+00:00,365.11079802657156
2024-12-12 18:00:00+00:00,365.11079802657156
2024-12-12 19:00:00+00:00,365.11079802657156
2024-12-12 20:00:00+00:00,365.11079802657156
2024-12-13 14:00:00+00:00,365.11079802657156
2024-12-13 15:00:00+00:00,365.11079802657156
2024-12-13 16:00:00+00:00,365.11079802657156
2024-12-13 17:00:00+00:00,365.11079802657156
2024-12-13 18:00:00+00:00,365.11079802657156
2024-12-13 19:00:00+00:00,365.11079802657156
2024-12-13 20:00:00+00:00,365.11079802657156
2024-12-16 14:00:00+00:00,365.11079802657156
2024-12-16 15:00:00+00:00,365.11079802657156
2024-12-16 16:00:00+00:00,365.11079802657156
2024-12-16 17:00:00+00:00,365.11079802657156
2024-12-16 18:00:00+00:00,365.11079802657156
2024-12-16 19:00:00+00:00,365.11079802657156
2024-12-16 20:00:00+00:00,365.11079802657156
2024-12-17 14:00:00+00:00,365.11079802657156
2024-12-17 15:00:00+00:00,365.11079802657156
2024-12-17 16:00:00+00:00,365.11079802657156
2024-12-17 17:00:00+00:00,365.11079802657156
2024-12-17 18:00:00+00:00,365.11079802657156
2024-12-17 19:00:00+00:00,365.11079802657156
2024-12-17 20:00:00+00:00,365.11079802657156
2024-12-18 14:00:00+00:00,365.11079802657156
2024-12-18 15:00:00+00:00,365.11079802657156
2024-12-18 16:00:00+00:00,365.11079802657156
2024-12-18 17:00:00+00:00,365.11079802657156
2024-12-18 18:00:00+00:00,365.11079802657156
2024-12-18 19:00:00+00:00,365.11079802657156
2024-12-18 20:00:00+00:00,365.11079802657156
2024-12-19 14:00:00+00:00,365.11079802657156
2024-12-19 15:00:00+00:00,365.11079802657156
2024-12-19 16:00:00+00:00,365.11079802657156
2024-12-19 17:00:00+00:00,365.11079802657156
2024-12-19 18:00:00+00:00,365.11079802657156
2024-12-19 19:00:00+00:00,365.11079802657156
2024-12-19 20:00:00+00:00,365.11079802657156
2024-12-20 14:00:00+00:00,365.11079802657156
2024-12-20 15:00:00+00:00,365.11079802657156
2024-12-20 16:00:00+00:00,365.11079802657156
2024-12-20 17:00:00+00:00,365.11079802657156
2024-12-20 18:00:00+00:00,365.11079802657156
2024-12-20 19:00:00+00:00,365.11079802657156
2024-12-20 20:00:00+00:00,365.11079802657156
2024-12-23 14:00:00+00:00,365.11079802657156
2024-12-23 15:00:00+00:00,365.11079802657156
2024-12-23 16:00:00+00:00,365.11079802657156
2024-12-23 17:00:00+00:00,365.11079802657156
2024-12-23 18:00:00+00:00,365.11079802657156
2024-12-23 19:00:00+00:00,365.11079802657156
2024-12-23 20:00:00+00:00,365.11079802657156
2024-12-24 14:00:00+00:00,365.11079802657156
2024-12-24 15:00:00+00:00,365.11079802657156
2024-12-24 16:00:00+00:00,365.11079802657156
2024-12-26 14:00:00+00:00,365.11079802657156
2024-12-26 15:00:00+00:00,365.11079802657156
2024-12-26 16:00:00+00:00,365.11079802657156
2024-12-26 17:00:00+00:00,365.11079802657156
2024-12-26 18:00:00+00:00,365.11079802657156
2024-12-26 19:00:00+00:00,365.11079802657156
2024-12-26 20:00:00+00:00,365.11079802657156
2024-12-27 14:00:00+00:00,365.11079802657156
2024-12-27 15:00:00+00:00,365.11079802657156
2024-12-27 16:00:00+00:00,365.11079802657156
2024-12-27 17:00:00+00:00,365.11079802657156
2024-12-27 18:00:00+00:00,365.11079802657156
2024-12-27 19:00:00+00:00,365.11079802657156
2024-12-27 20:00:00+00:00,365.11079802657156
2024-12-30 14:00:00+00:00,365.11079802657156
2024-12-30 15:00:00+00:00,365.11079802657156
2024-12-30 16:00:00+00:00,365.11079802657156
2024-12-30 17:00:00+00:00,365.11079802657156
2024-12-30 18:00:00+00:00,365.11079802657156
2024-12-30 19:00:00+00:00,365.11079802657156
2024-12-30 20:00:00+00:00,365.11079802657156
2024-12-31 14:00:00+00:00,365.11079802657156
2024-12-31 15:00:00+00:00,365.11079802657156
2024-12-31 16:00:00+00:00,365.11079802657156
2024-12-31 17:00:00+00:00,365.11079802657156
2024-12-31 18:00:00+00:00,365.11079802657156
2024-12-31 19:00:00+00:00,365.11079802657156
2024-12-31 20:00:00+00:00,365.11079802657156
2025-01-02 14:00:00+00:00,365.11079802657156
2025-01-02 15:00:00+00:00,365.11079802657156
2025-01-02 16:00:00+00:00,365.11079802657156
2025-01-02 17:00:00+00:00,365.11079802657156
2025-01-02 18:00:00+00:00,365.11079802657156
2025-01-02 19:00:00+00:00,365.11079802657156
2025-01-02 20:00:00+00:00,365.11079802657156
2025-01-03 14:00:00+00:00,365.11079802657156
2025-01-03 15:00:00+00:00,365.11079802657156
2025-01-03 16:00:00+00:00,365.11079802657156
2025-01-03 17:00:00+00:00,365.11079802657156
2025-01-03 18:00:00+00:00,365.11079802657156
2025-01-03 19:00:00+00:00,365.11079802657156
2025-01-03 20:00:00+00:00,365.11079802657156
2025-01-06 14:00:00+00:00,365.11079802657156
2025-01-06 15:00:00+00:00,365.11079802657156
2025-01-06 16:00:00+00:00,365.11079802657156
2025-01-06 17:00:00+00:00,365.11079802657156
2025-01-06 18:00:00+00:00,365.11079802657156
2025-01-06 19:00:00+00:00,365.11079802657156
2025-01-06 20:00:00+00:00,365.11079802657156
2025-01-07 14:00:00+00:00,365.11079802657156
2025-01-07 15:00:00+00:00,365.11079802657156
2025-01-07 16:00:00+00:00,365.11079802657156
2025-01-07 17:00:00+00:00,365.11079802657156
2025-01-07 18:00:00+00:00,365.11079802657156
2025-01-07 19:00:00+00:00,365.11079802657156
2025-01-07 20:00:00+00:00,365.11079802657156
2025-01-08 14:00:00+00:00,365.11079802657156
2025-01-08 15:00:00+00:00,365.11079802657156
2025-01-08 16:00:00+00:00,365.11079802657156
2025-01-08 17:00:00+00:00,365.11079802657156
2025-01-08 18:00:00+00:00,365.11079802657156
2025-01-08 19:00:00+00:00,365.11079802657156
2025-01-08 20:00:00+00:00,365.11079802657156
2025-01-10 14:00:00+00:00,365.11079802657156
2025-01-10 15:00:00+00:00,365.11079802657156
2025-01-10 16:00:00+00:00,365.11079802657156
2025-01-10 17:00:00+00:00,365.11079802657156
2025-01-10 18:00:00+00:00,365.11079802657156
2025-01-10 19:00:00+00:00,365.11079802657156
2025-01-10 20:00:00+00:00,365.11079802657156
2025-01-13 14:00:00+00:00,365.11079802657156
2025-01-13 15:00:00+00:00,365.11079802657156
2025-01-13 16:00:00+00:00,365.11079802657156
2025-01-13 17:00:00+00:00,365.11079802657156
2025-01-13 18:00:00+00:00,365.11079802657156
2025-01-13 19:00:00+00:00,365.11079802657156
2025-01-13 20:00:00+00:00,365.11079802657156
2025-01-14 14:00:00+00:00,365.11079802657156
2025-01-14 15:00:00+00:00,365.11079802657156
2025-01-14 16:00:00+00:00,365.11079802657156
2025-01-14 17:00:00+00:00,365.11079802657156
2025-01-14 18:00:00+00:00,365.11079802657156
2025-01-14 19:00:00+00:00,365.11079802657156
2025-01-14 20:00:00+00:00,365.11079802657156
2025-01-15 14:00:00+00:00,365.11079802657156
2025-01-15 15:00:00+00:00,365.11079802657156
2025-01-15 16:00:00+00:00,365.11079802657156
2025-01-15 17:00:00+00:00,365.11079802657156
2025-01-15 18:00:00+00:00,365.11079802657156
2025-01-15 19:00:00+00:00,365.11079802657156
2025-01-15 20:00:00+00:00,365.11079802657156
2025-01-16 14:00:00+00:00,365.11079802657156
2025-01-16 15:00:00+00:00,365.11079802657156
2025-01-16 16:00:00+00:00,365.11079802657156
2025-01-16 17:00:00+00:00,365.11079802657156
2025-01-16 18:00:00+00:00,365.11079802657156
2025-01-16 19:00:00+00:00,365.11079802657156
2025-01-16 20:00:00+00:00,365.11079802657156
2025-01-17 14:00:00+00:00,365.11079802657156
2025-01-17 15:00:00+00:00,365.11079802657156
2025-01-17 16:00:00+00:00,365.11079802657156
2025-01-17 17:00:00+00:00,365.11079802657156
2025-01-17 18:00:00+00:00,365.11079802657156
2025-01-17 19:00:00+00:00,365.11079802657156
2025-01-17 20:00:00+00:00,365.11079802657156
2025-01-21 14:00:00+00:00,365.11079802657156
2025-01-21 15:00:00+00:00,365.11079802657156
2025-01-21 16:00:00+00:00,365.11079802657156
2025-01-21 17:00:00+00:00,365.11079802657156
2025-01-21 18:00:00+00:00,365.11079802657156
2025-01-21 19:00:00+00:00,365.11079802657156
2025-01-21 20:00:00+00:00,365.11079802657156
2025-01-22 14:00:00+00:00,365.11079802657156
2025-01-22 15:00:00+00:00,365.11079802657156
2025-01-22 16:00:00+00:00,365.11079802657156
2025-01-22 17:00:00+00:00,365.11079802657156
2025-01-22 18:00:00+00:00,365.11079802657156
2025-01-22 19:00:00+00:00,365.11079802657156
2025-01-22 20:00:00+00:00,365.11079802657156
2025-01-23 14:00:00+00:00,365.11079802657156
2025-01-23 15:00:00+00:00,365.11079802657156
2025-01-23 16:00:00+00:00,365.11079802657156
2025-01-23 17:00:00+00:00,365.11079802657156
2025-01-23 18:00:00+00:00,365.11079802657156
2025-01-23 19:00:00+00:00,365.11079802657156
2025-01-23 20:00:00+00:00,365.11079802657156
2025-01-24 14:00:00+00:00,365.11079802657156
2025-01-24 15:00:00+00:00,365.11079802657156
2025-01-24 16:00:00+00:00,365.11079802657156
2025-01-24 17:00:00+00:00,365.11079802657156
2025-01-24 18:00:00+00:00,365.11079802657156
2025-01-24 19:00:00+00:00,365.11079802657156
2025-01-24 20:00:00+00:00,365.11079802657156
2025-01-27 14:00:00+00:00,365.11079802657156
2025-01-27 15:00:00+00:00,365.11079802657156
2025-01-27 16:00:00+00:00,365.11079802657156
2025-01-27 17:00:00+00:00,365.11079802657156
2025-01-27 18:00:00+00:00,365.11079802657156
2025-01-27 19:00:00+00:00,365.11079802657156
2025-01-27 20:00:00+00:00,365.11079802657156
2025-01-28 14:00:00+00:00,365.11079802657156
2025-01-28 15:00:00+00:00,365.11079802657156
2025-01-28 16:00:00+00:00,365.11079802657156
2025-01-28 17:00:00+00:00,365.11079802657156
2025-01-28 18:00:00+00:00,365.11079802657156
2025-01-28 19:00:00+00:00,365.11079802657156
2025-01-28 20:00:00+00:00,365.11079802657156
2025-01-29 14:00:00+00:00,365.11079802657156
2025-01-29 15:00:00+00:00,365.11079802657156
2025-01-29 16:00:00+00:00,365.11079802657156
2025-01-29 17:00:00+00:00,365.11079802657156
2025-01-29 18:00:00+00:00,365.11079802657156
2025-01-29 19:00:00+00:00,365.11079802657156
2025-01-29 20:00:00+00:00,365.11079802657156
2025-01-30 14:00:00+00:00,365.11079802657156
2025-01-30 15:00:00+00:00,365.11079802657156
2025-01-30 16:00:00+00:00,365.11079802657156
2025-01-30 17:00:00+00:00,365.11079802657156
2025-01-30 18:00:00+00:00,365.11079802657156
2025-01-30 19:00:00+00:00,365.11079802657156
2025-01-30 20:00:00+00:00,365.11079802657156
2025-01-31 14:00:00+00:00,365.11079802657156
2025-01-31 15:00:00+00:00,365.11079802657156
2025-01-31 16:00:00+00:00,365.11079802657156
2025-01-31 17:00:00+00:00,365.11079802657156
2025-01-31 18:00:00+00:00,365.11079802657156
2025-01-31 19:00:00+00:00,365.11079802657156
2025-01-31 20:00:00+00:00,365.11079802657156
2025-02-03 14:00:00+00:00,365.11079802657156
2025-02-03 15:00:00+00:00,365.11079802657156
2025-02-03 16:00:00+00:00,365.11079802657156
2025-02-03 17:00:00+00:00,365.11079802657156
2025-02-03 18:00:00+00:00,365.11079802657156
2025-02-03 19:00:00+00:00,365.11079802657156
2025-02-03 20:00:00+00:00,365.11079802657156
2025-02-04 14:00:00+00:00,365.11079802657156
2025-02-04 15:00:00+00:00,365.11079802657156
2025-02-04 16:00:00+00:00,365.11079802657156
2025-02-04 17:00:00+00:00,365.11079802657156
2025-02-04 18:00:00+00:00,365.11079802657156
2025-02-04 19:00:00+00:00,365.11079802657156
2025-02-04 20:00:00+00:00,365.11079802657156
2025-02-05 14:00:00+00:00,365.11079802657156
2025-02-05 15:00:00+00:00,365.11079802657156
2025-02-05 16:00:00+00:00,365.11079802657156
2025-02-05 17:00:00+00:00,365.11079802657156
2025-02-05 18:00:00+00:00,365.11079802657156
2025-02-05 19:00:00+00:00,365.11079802657156
2025-02-05 20:00:00+00:00,365.11079802657156
2025-02-06 14:00:00+00:00,365.11079802657156
2025-02-06 15:00:00+00:00,365.11079802657156
2025-02-06 16:00:00+00:00,365.11079802657156
2025-02-06 17:00:00+00:00,365.11079802657156
2025-02-06 18:00:00+00:00,365.11079802657156
2025-02-06 19:00:00+00:00,365.11079802657156
2025-02-06 20:00:00+00:00,365.11079802657156
2025-02-07 14:00:00+00:00,365.11079802657156
2025-02-07 15:00:00+00:00,365.11079802657156
2025-02-07 16:00:00+00:00,365.11079802657156
2025-02-07 17:00:00+00:00,365.11079802657156
2025-02-07 18:00:00+00:00,365.11079802657156
2025-02-07 19:00:00+00:00,365.11079802657156
2025-02-07 20:00:00+00:00,365.11079802657156
2025-02-10 14:00:00+00:00,365.11079802657156
2025-02-10 15:00:00+00:00,365.11079802657156
2025-02-10 16:00:00+00:00,365.11079802657156
2025-02-10 17:00:00+00:00,365.11079802657156
2025-02-10 18:00:00+00:00,365.11079802657156
2025-02-10 19:00:00+00:00,365.11079802657156
2025-02-10 20:00:00+00:00,365.11079802657156
2025-02-11 14:00:00+00:00,365.11079802657156
2025-02-11 15:00:00+00:00,365.11079802657156
2025-02-11 16:00:00+00:00,365.11079802657156
2025-02-11 17:00:00+00:00,365.11079802657156
2025-02-11 18:00:00+00:00,365.11079802657156
2025-02-11 19:00:00+00:00,365.11079802657156
2025-02-11 20:00:00+00:00,365.11079802657156
2025-02-12 14:00:00+00:00,365.11079802657156
2025-02-12 15:00:00+00:00,365.11079802657156
2025-02-12 16:00:00+00:00,365.11079802657156
2025-02-12 17:00:00+00:00,365.11079802657156
2025-02-12 18:00:00+00:00,365.11079802657156
2025-02-12 19:00:00+00:00,365.11079802657156
2025-02-12 20:00:00+00:00,365.11079802657156
2025-02-13 14:00:00+00:00,365.11079802657156
2025-02-13 15:00:00+00:00,365.11079802657156
2025-02-13 16:00:00+00:00,365.11079802657156
2025-02-13 17:00:00+00:00,365.11079802657156
2025-02-13 18:00:00+00:00,365.11079802657156
2025-02-13 19:00:00+00:00,365.11079802657156
2025-02-13 20:00:00+00:00,365.11079802657156
2025-02-14 14:00:00+00:00,365.11079802657156
2025-02-14 15:00:00+00:00,365.11079802657156
2025-02-14 16:00:00+00:00,365.11079802657156
2025-02-14 17:00:00+00:00,365.11079802657156
2025-02-14 18:00:00+00:00,365.11079802657156
2025-02-14 19:00:00+00:00,365.11079802657156
2025-02-14 20:00:00+00:00,365.11079802657156
2025-02-18 14:00:00+00:00,365.11079802657156
2025-02-18 15:00:00+00:00,365.11079802657156
2025-02-18 16:00:00+00:00,365.11079802657156
2025-02-18 17:00:00+00:00,365.11079802657156
2025-02-18 18:00:00+00:00,365.11079802657156
2025-02-18 19:00:00+00:00,365.11079802657156
2025-02-18 20:00:00+00:00,365.11079802657156
2025-02-19 14:00:00+00:00,365.11079802657156
2025-02-19 15:00:00+00:00,365.11079802657156
2025-02-19 16:00:00+00:00,365.11079802657156
2025-02-19 17:00:00+00:00,365.11079802657156
2025-02-19 18:00:00+00:00,365.11079802657156
2025-02-19 19:00:00+00:00,365.11079802657156
2025-02-19 20:00:00+00:00,365.11079802657156
2025-02-20 14:00:00+00:00,365.11079802657156
2025-02-20 15:00:00+00:00,365.11079802657156
2025-02-20 16:00:00+00:00,365.11079802657156
2025-02-20 17:00:00+00:00,365.11079802657156
2025-02-20 18:00:00+00:00,365.11079802657156
2025-02-20 19:00:00+00:00,365.11079802657156
2025-02-20 20:00:00+00:00,365.11079802657156
2025-02-21 14:00:00+00:00,365.11079802657156
2025-02-21 15:00:00+00:00,365.11079802657156
2025-02-21 16:00:00+00:00,365.11079802657156
2025-02-21 17:00:00+00:00,365.11079802657156
2025-02-21 18:00:00+00:00,365.11079802657156
2025-02-21 19:00:00+00:00,365.11079802657156
2025-02-21 20:00:00+00:00,365.11079802657156
2025-02-24 14:00:00+00:00,365.11079802657156
2025-02-24 15:00:00+00:00,365.11079802657156
2025-02-24 16:00:00+00:00,365.11079802657156
2025-02-24 17:00:00+00:00,365.11079802657156
2025-02-24 18:00:00+00:00,365.11079802657156
2025-02-24 19:00:00+00:00,365.11079802657156
2025-02-24 20:00:00+00:00,365.11079802657156
2025-02-25 14:00:00+00:00,365.11079802657156
2025-02-25 15:00:00+00:00,365.11079802657156
2025-02-25 16:00:00+00:00,365.11079802657156
2025-02-25 17:00:00+00:00,365.11079802657156
2025-02-25 18:00:00+00:00,365.11079802657156
2025-02-25 19:00:00+00:00,365.11079802657156
2025-02-25 20:00:00+00:00,365.11079802657156
2025-02-26 14:00:00+00:00,365.11079802657156
2025-02-26 15:00:00+00:00,365.11079802657156
2025-02-26 16:00:00+00:00,365.11079802657156
2025-02-26 17:00:00+00:00,365.11079802657156
2025-02-26 18:00:00+00:00,365.11079802657156
2025-02-26 19:00:00+00:00,365.11079802657156
2025-02-26 20:00:00+00:00,365.11079802657156
2025-02-27 14:00:00+00:00,365.11079802657156
2025-02-27 15:00:00+00:00,365.11079802657156
2025-02-27 16:00:00+00:00,365.11079802657156
2025-02-27 17:00:00+00:00,365.11079802657156
2025-02-27 18:00:00+00:00,365.11079802657156
2025-02-27 19:00:00+00:00,365.11079802657156
2025-02-27 20:00:00+00:00,365.11079802657156
2025-02-28 14:00:00+00:00,365.11079802657156
2025-02-28 15:00:00+00:00,365.11079802657156
2025-02-28 16:00:00+00:00,365.11079802657156
2025-02-28 17:00:00+00:00,365.11079802657156
2025-02-28 18:00:00+00:00,365.11079802657156
2025-02-28 19:00:00+00:00,365.11079802657156
2025-02-28 20:00:00+00:00,365.11079802657156
2025-03-03 14:00:00+00:00,365.11079802657156
2025-03-03 15:00:00+00:00,365.11079802657156
2025-03-03 16:00:00+00:00,365.11079802657156
2025-03-03 17:00:00+00:00,365.11079802657156
2025-03-03 18:00:00+00:00,365.11079802657156
2025-03-03 19:00:00+00:00,365.11079802657156
2025-03-03 20:00:00+00:00,365.11079802657156
2025-03-04 14:00:00+00:00,365.11079802657156
2025-03-04 15:00:00+00:00,365.11079802657156
2025-03-04 16:00:00+00:00,365.11079802657156
2025-03-04 17:00:00+00:00,365.11079802657156
2025-03-04 18:00:00+00:00,365.11079802657156
2025-03-04 19:00:00+00:00,365.11079802657156
2025-03-04 20:00:00+00:00,365.11079802657156
2025-03-05 14:00:00+00:00,365.11079802657156
2025-03-05 15:00:00+00:00,365.11079802657156
2025-03-05 16:00:00+00:00,365.11079802657156
2025-03-05 17:00:00+00:00,365.11079802657156
2025-03-05 18:00:00+00:00,365.11079802657156
2025-03-05 19:00:00+00:00,365.11079802657156
2025-03-05 20:00:00+00:00,365.11079802657156
2025-03-06 14:00:00+00:00,365.11079802657156
2025-03-06 15:00:00+00:00,365.11079802657156
2025-03-06 16:00:00+00:00,365.11079802657156
2025-03-06 17:00:00+00:00,365.11079802657156
2025-03-06 18:00:00+00:00,365.11079802657156
2025-03-06 19:00:00+00:00,365.11079802657156
2025-03-06 20:00:00+00:00,365.11079802657156
2025-03-07 14:00:00+00:00,365.11079802657156
2025-03-07 15:00:00+00:00,365.11079802657156
2025-03-07 16:00:00+00:00,365.11079802657156
2025-03-07 17:00:00+00:00,365.11079802657156
2025-03-07 18:00:00+00:00,365.11079802657156
2025-03-07 19:00:00+00:00,365.11079802657156
2025-03-07 20:00:00+00:00,365.11079802657156
2025-03-10 13:00:00+00:00,365.11079802657156
2025-03-10 14:00:00+00:00,365.11079802657156
2025-03-10 15:00:00+00:00,365.11079802657156
2025-03-10 16:00:00+00:00,365.11079802657156
2025-03-10 17:00:00+00:00,365.11079802657156
2025-03-10 18:00:00+00:00,365.11079802657156
2025-03-10 19:00:00+00:00,365.11079802657156
2025-03-11 13:00:00+00:00,365.11079802657156
2025-03-11 14:00:00+00:00,365.11079802657156
2025-03-11 15:00:00+00:00,365.11079802657156
2025-03-11 16:00:00+00:00,365.11079802657156
2025-03-11 17:00:00+00:00,365.11079802657156
2025-03-11 18:00:00+00:00,365.11079802657156
2025-03-11 19:00:00+00:00,365.11079802657156
2025-03-12 13:00:00+00:00,365.11079802657156
2025-03-12 14:00:00+00:00,365.11079802657156
2025-03-12 15:00:00+00:00,365.11079802657156
2025-03-12 16:00:00+00:00,365.11079802657156
2025-03-12 17:00:00+00:00,365.11079802657156
2025-03-12 18:00:00+00:00,365.11079802657156
2025-03-12 19:00:00+00:00,365.11079802657156
2025-03-13 13:00:00+00:00,365.11079802657156
2025-03-13 14:00:00+00:00,365.11079802657156
2025-03-13 15:00:00+00:00,365.11079802657156
2025-03-13 16:00:00+00:00,365.11079802657156
2025-03-13 17:00:00+00:00,365.11079802657156
2025-03-13 18:00:00+00:00,365.11079802657156
2025-03-13 19:00:00+00:00,365.11079802657156
2025-03-14 13:00:00+00:00,365.11079802657156
2025-03-14 14:00:00+00:00,365.11079802657156
2025-03-14 15:00:00+00:00,365.11079802657156
2025-03-14 16:00:00+00:00,365.11079802657156
2025-03-14 17:00:00+00:00,365.11079802657156
2025-03-14 18:00:00+00:00,365.11079802657156
2025-03-14 19:00:00+00:00,365.11079802657156
2025-03-17 13:00:00+00:00,365.11079802657156
2025-03-17 14:00:00+00:00,365.11079802657156
2025-03-17 15:00:00+00:00,365.11079802657156
2025-03-17 16:00:00+00:00,365.11079802657156
2025-03-17 17:00:00+00:00,365.11079802657156
2025-03-17 18:00:00+00:00,365.11079802657156
2025-03-17 19:00:00+00:00,365.11079802657156
2025-03-18 13:00:00+00:00,365.11079802657156
2025-03-18 14:00:00+00:00,365.11079802657156
2025-03-18 15:00:00+00:00,365.11079802657156
2025-03-18 16:00:00+00:00,365.11079802657156
2025-03-18 17:00:00+00:00,365.11079802657156
2025-03-18 18:00:00+00:00,365.11079802657156
2025-03-18 19:00:00+00:00,365.11079802657156
2025-03-19 13:00:00+00:00,365.11079802657156
2025-03-19 14:00:00+00:00,365.11079802657156
2025-03-19 15:00:00+00:00,365.11079802657156
2025-03-19 16:00:00+00:00,365.11079802657156
2025-03-19 17:00:00+00:00,365.11079802657156
2025-03-19 18:00:00+00:00,365.11079802657156
2025-03-19 19:00:00+00:00,365.11079802657156
2025-03-20 13:00:00+00:00,365.11079802657156
2025-03-20 14:00:00+00:00,365.11079802657156
2025-03-20 15:00:00+00:00,365.11079802657156
2025-03-20 16:00:00+00:00,365.11079802657156
2025-03-20 17:00:00+00:00,365.11079802657156
2025-03-20 18:00:00+00:00,365.11079802657156
2025-03-20 19:00:00+00:00,365.11079802657156
2025-03-21 13:00:00+00:00,365.11079802657156
2025-03-21 14:00:00+00:00,365.11079802657156
2025-03-21 15:00:00+00:00,365.11079802657156
2025-03-21 16:00:00+00:00,365.11079802657156
2025-03-21 17:00:00+00:00,365.11079802657156
2025-03-21 18:00:00+00:00,365.11079802657156
2025-03-21 19:00:00+00:00,365.11079802657156
2025-03-24 13:00:00+00:00,365.11079802657156
2025-03-24 14:00:00+00:00,365.11079802657156
2025-03-24 15:00:00+00:00,365.11079802657156
2025-03-24 16:00:00+00:00,365.11079802657156
2025-03-24 17:00:00+00:00,365.11079802657156
2025-03-24 18:00:00+00:00,365.11079802657156
2025-03-24 19:00:00+00:00,365.11079802657156
2025-03-25 13:00:00+00:00,365.11079802657156
2025-03-25 14:00:00+00:00,365.11079802657156
2025-03-25 15:00:00+00:00,365.11079802657156
2025-03-25 16:00:00+00:00,365.11079802657156
2025-03-25 17:00:00+00:00,365.11079802657156
2025-03-25 18:00:00+00:00,341.76227925825293
2025-03-25 19:00:00+00:00,338.5999264577166
2025-03-26 13:00:00+00:00,467.70120704513005
2025-03-26 14:00:00+00:00,481.3625660677256
2025-03-26 15:00:00+00:00,536.4354015677163
2025-03-26 16:00:00+00:00,549.2241248198438
2025-03-26 17:00:00+00:00,565.7518072123787
2025-03-26 18:00:00+00:00,586.038402637663
2025-03-26 19:00:00+00:00,571.8046637262962
2025-03-27 13:00:00+00:00,639.248802215499
2025-03-27 14:00:00+00:00,670.6595441681317
2025-03-27 15:00:00+00:00,639.7905787182237
2025-03-27 16:00:00+00:00,627.0018554660968
2025-03-27 17:00:00+00:00,651.216382248592
2025-03-27 18:00:00+00:00,663.23519672856
2025-03-27 19:00:00+00:00,626.2023923392053
2025-03-28 13:00:00+00:00,663.6937742173408
2025-03-28 14:00:00+00:00,660.8873085401227
2025-03-28 15:00:00+00:00,655.168028375819
2025-03-28 16:00:00+00:00,684.5126070267115
2025-03-28 17:00:00+00:00,679.3743142684066
2025-03-28 18:00:00+00:00,697.6802728931174
2025-03-28 19:00:00+00:00,697.6802728931174
2025-03-31 13:00:00+00:00,697.6802728931174
2025-03-31 14:00:00+00:00,697.6802728931174
2025-03-31 15:00:00+00:00,697.6802728931174
2025-03-31 16:00:00+00:00,697.6802728931174
2025-03-31 17:00:00+00:00,697.6802728931174
2025-03-31 18:00:00+00:00,697.6802728931174
2025-03-31 19:00:00+00:00,697.6802728931174
2025-04-01 13:00:00+00:00,697.6802728931174
2025-04-01 14:00:00+00:00,697.6802728931174
2025-04-01 15:00:00+00:00,697.6802728931174
2025-04-01 16:00:00+00:00,697.6802728931174
2025-04-01 17:00:00+00:00,697.6802728931174
2025-04-01 18:00:00+00:00,697.6802728931174
2025-04-01 19:00:00+00:00,697.6802728931174
2025-04-02 13:00:00+00:00,697.6802728931174
2025-04-02 14:00:00+00:00,697.6802728931174
2025-04-02 15:00:00+00:00,697.6802728931174
2025-04-02 16:00:00+00:00,697.6802728931174
2025-04-02 17:00:00+00:00,697.6802728931174
2025-04-02 18:00:00+00:00,697.6802728931174
2025-04-02 19:00:00+00:00,697.6802728931174
2025-04-03 13:00:00+00:00,697.6802728931174
2025-04-03 14:00:00+00:00,697.6802728931174
2025-04-03 15:00:00+00:00,697.6802728931174
2025-04-03 16:00:00+00:00,697.6802728931174
2025-04-03 17:00:00+00:00,697.6802728931174
2025-04-03 18:00:00+00:00,697.6802728931174
2025-04-03 19:00:00+00:00,697.6802728931174
2025-04-04 13:00:00+00:00,697.6802728931174
2025-04-04 14:00:00+00:00,697.6802728931174
2025-04-04 15:00:00+00:00,697.6802728931174
2025-04-04 16:00:00+00:00,697.6802728931174
2025-04-04 17:00:00+00:00,697.6802728931174
2025-04-04 18:00:00+00:00,697.6802728931174
2025-04-04 19:00:00+00:00,697.6802728931174
2025-04-07 13:00:00+00:00,697.6802728931174
2025-04-07 14:00:00+00:00,697.6802728931174
2025-04-07 15:00:00+00:00,697.6802728931174
2025-04-07 16:00:00+00:00,697.6802728931174
2025-04-07 17:00:00+00:00,697.6802728931174
2025-04-07 18:00:00+00:00,697.6802728931174
2025-04-07 19:00:00+00:00,697.6802728931174
2025-04-08 13:00:00+00:00,697.6802728931174
2025-04-08 14:00:00+00:00,697.6802728931174
2025-04-08 15:00:00+00:00,697.6802728931174
2025-04-08 16:00:00+00:00,697.6802728931174
2025-04-08 17:00:00+00:00,697.6802728931174
2025-04-08 18:00:00+00:00,697.6802728931174
2025-04-08 19:00:00+00:00,697.6802728931174
2025-04-09 13:00:00+00:00,697.6802728931174
2025-04-09 14:00:00+00:00,697.6802728931174
2025-04-09 15:00:00+00:00,697.6802728931174
2025-04-09 16:00:00+00:00,697.6802728931174
2025-04-09 17:00:00+00:00,697.6802728931174
2025-04-09 18:00:00+00:00,697.6802728931174
2025-04-09 19:00:00+00:00,697.6802728931174
2025-04-10 13:00:00+00:00,697.6802728931174
2025-04-10 14:00:00+00:00,697.6802728931174
2025-04-10 15:00:00+00:00,697.6802728931174
2025-04-10 16:00:00+00:00,697.6802728931174
2025-04-10 17:00:00+00:00,697.6802728931174
2025-04-10 18:00:00+00:00,697.6802728931174
2025-04-10 19:00:00+00:00,697.6802728931174
2025-04-11 13:00:00+00:00,697.6802728931174
2025-04-11 14:00:00+00:00,697.6802728931174
2025-04-11 15:00:00+00:00,697.6802728931174
2025-04-11 16:00:00+00:00,697.6802728931174
2025-04-11 17:00:00+00:00,697.6802728931174
2025-04-11 18:00:00+00:00,697.6802728931174
2025-04-11 19:00:00+00:00,697.6802728931174
2025-04-14 13:00:00+00:00,697.6802728931174
2025-04-14 14:00:00+00:00,697.6802728931174
2025-04-14 15:00:00+00:00,697.6802728931174
2025-04-14 16:00:00+00:00,697.6802728931174
2025-04-14 17:00:00+00:00,697.6802728931174
2025-04-14 18:00:00+00:00,697.6802728931174
2025-04-14 19:00:00+00:00,697.6802728931174
2025-04-15 13:00:00+00:00,697.6802728931174
2025-04-15 14:00:00+00:00,697.6802728931174
2025-04-15 15:00:00+00:00,697.6802728931174
2025-04-15 16:00:00+00:00,697.6802728931174
2025-04-15 17:00:00+00:00,697.6802728931174
2025-04-15 18:00:00+00:00,697.6802728931174
2025-04-15 19:00:00+00:00,697.6802728931174
2025-04-16 13:00:00+00:00,697.6802728931174
2025-04-16 14:00:00+00:00,697.6802728931174
2025-04-16 15:00:00+00:00,697.6802728931174
2025-04-16 16:00:00+00:00,697.6802728931174
2025-04-16 17:00:00+00:00,697.6802728931174
2025-04-16 18:00:00+00:00,697.6802728931174
2025-04-16 19:00:00+00:00,697.6802728931174
2025-04-17 13:00:00+00:00,697.6802728931174
2025-04-17 14:00:00+00:00,697.6802728931174
2025-04-17 15:00:00+00:00,697.6802728931174
2025-04-17 16:00:00+00:00,697.6802728931174
2025-04-17 17:00:00+00:00,697.6802728931174
2025-04-17 18:00:00+00:00,697.6802728931174
2025-04-17 19:00:00+00:00,697.6802728931174
2025-04-21 13:00:00+00:00,697.6802728931174
2025-04-21 14:00:00+00:00,697.6802728931174
2025-04-21 15:00:00+00:00,697.6802728931174
2025-04-21 16:00:00+00:00,653.2633690264579
2025-04-21 17:00:00+00:00,638.0052673287611
2025-04-21 18:00:00+00:00,614.9402743398791
2025-04-21 19:00:00+00:00,655.1057376017219
2025-04-22 13:00:00+00:00,699.330350380867
2025-04-22 14:00:00+00:00,693.0476641529589
2025-04-22 15:00:00+00:00,752.9266702625341
2025-04-22 16:00:00+00:00,736.9902041276943
2025-04-22 17:00:00+00:00,684.0593533755482
2025-04-22 18:00:00+00:00,743.3999216802335
2025-04-22 19:00:00+00:00,760.0263243965054
2025-04-23 13:00:00+00:00,904.7994970741186
2025-04-23 14:00:00+00:00,843.9431867958582
2025-04-23 15:00:00+00:00,770.2989379181671
2025-04-23 16:00:00+00:00,859.0883027268361
2025-04-23 17:00:00+00:00,795.5378296229239
2025-04-23 18:00:00+00:00,800.635457848299
2025-04-23 19:00:00+00:00,790.0572711371677
2025-04-24 13:00:00+00:00,583.4500256933645
2025-04-24 14:00:00+00:00,591.5014061346528
2025-04-24 15:00:00+00:00,572.3436280774165
2025-04-24 16:00:00+00:00,616.0139365118538
2025-04-24 17:00:00+00:00,605.4840624945941
2025-04-24 18:00:00+00:00,600.2060709702837
2025-04-24 19:00:00+00:00,664.7657437587184
2025-04-25 13:00:00+00:00,590.0830754820108
2025-04-25 14:00:00+00:00,587.537404148883
2025-04-25 15:00:00+00:00,586.0304996613891
2025-04-25 16:00:00+00:00,554.4691291925052
2025-04-25 17:00:00+00:00,614.6960529547275
2025-04-25 18:00:00+00:00,585.5830567145842
2025-04-25 19:00:00+00:00,597.1100933527431
2025-04-28 13:00:00+00:00,514.5796778129329
2025-04-28 14:00:00+00:00,576.581810788717
2025-04-28 15:00:00+00:00,501.6225220191875
2025-04-28 16:00:00+00:00,484.80272141072334
2025-04-28 17:00:00+00:00,491.62705431445255
2025-04-28 18:00:00+00:00,480.8190203670334
2025-04-28 19:00:00+00:00,495.9519203718716
2025-04-29 13:00:00+00:00,540.2184757122811
2025-04-29 14:00:00+00:00,537.0473572269115
2025-04-29 15:00:00+00:00,596.8026394201197
2025-04-29 16:00:00+00:00,598.6195617578976
2025-04-29 17:00:00+00:00,555.513557123265
2025-04-29 18:00:00+00:00,560.382298046276
2025-04-29 19:00:00+00:00,592.504180254264
2025-04-30 13:00:00+00:00,530.9961500691599
2025-04-30 14:00:00+00:00,603.1579619112667
2025-04-30 15:00:00+00:00,581.4956782590651
2025-04-30 16:00:00+00:00,587.9780433453908
2025-04-30 17:00:00+00:00,568.3374842075136
2025-04-30 18:00:00+00:00,549.3505257196335
2025-04-30 19:00:00+00:00,587.9050596355356
2025-05-01 13:00:00+00:00,582.4852096244375
2025-05-01 14:00:00+00:00,543.1114796127027
2025-05-01 15:00:00+00:00,557.2754939165878
2025-05-01 16:00:00+00:00,542.9978144645021
2025-05-01 17:00:00+00:00,510.75781072877294
2025-05-01 18:00:00+00:00,490.1128681785096
2025-05-01 19:00:00+00:00,475.73954618030297
2025-05-02 13:00:00+00:00,562.8468786763299
2025-05-02 14:00:00+00:00,553.2134216887554
2025-05-02 15:00:00+00:00,593.906257079638
2025-05-02 16:00:00+00:00,602.9694323100579
2025-05-02 17:00:00+00:00,600.6326134974976
2025-05-02 18:00:00+00:00,657.3586356921232
2025-05-02 19:00:00+00:00,644.5381226475653
2025-05-05 13:00:00+00:00,628.5090135857813
2025-05-05 14:00:00+00:00,639.6486757589511
2025-05-05 15:00:00+00:00,685.1310421129239
2025-05-05 16:00:00+00:00,667.3760030583663
2025-05-05 17:00:00+00:00,677.1196524579523
2025-05-05 18:00:00+00:00,669.3326729785646
2025-05-05 19:00:00+00:00,651.8526189781796
2025-05-06 13:00:00+00:00,607.1068603200589
2025-05-06 14:00:00+00:00,650.7760185042059
2025-05-06 15:00:00+00:00,645.6617416825773
2025-05-06 16:00:00+00:00,624.5261465367295
2025-05-06 17:00:00+00:00,661.5886874288058
2025-05-06 18:00:00+00:00,664.234566177367
2025-05-06 19:00:00+00:00,685.2588039304186
2025-05-07 13:00:00+00:00,774.7821651989254
2025-05-07 14:00:00+00:00,786.5516954717109
2025-05-07 15:00:00+00:00,786.1543133499349
2025-05-07 16:00:00+00:00,763.6169888253304
2025-05-07 17:00:00+00:00,766.5848571787591
2025-05-07 18:00:00+00:00,729.7219958652541
2025-05-07 19:00:00+00:00,745.9399507839012
2025-05-08 13:00:00+00:00,797.5264615009444
2025-05-08 14:00:00+00:00,840.4257426508775
2025-05-08 15:00:00+00:00,859.6318888423117
2025-05-08 16:00:00+00:00,839.9553768192468
2025-05-08 17:00:00+00:00,821.4954430137894
2025-05-08 18:00:00+00:00,825.3254170911671
2025-05-08 19:00:00+00:00,783.8745008347831
2025-05-09 13:00:00+00:00,888.4822102505535
2025-05-09 14:00:00+00:00,863.7506558930381
2025-05-09 15:00:00+00:00,890.4297539345553
2025-05-09 16:00:00+00:00,881.6621641572348
2025-05-09 17:00:00+00:00,860.4663878379909
2025-05-09 18:00:00+00:00,888.1296185000456
2025-05-09 19:00:00+00:00,877.2929494712935
2025-05-12 13:00:00+00:00,798.7384199922581
2025-05-12 14:00:00+00:00,675.1937462067752
2025-05-12 15:00:00+00:00,720.1950284998842
2025-05-12 16:00:00+00:00,741.2836050846948
2025-05-12 17:00:00+00:00,760.6094061004051
2025-05-12 18:00:00+00:00,846.8286677236667
2025-05-12 19:00:00+00:00,789.7412162924527
2025-05-13 13:00:00+00:00,931.6102470829828
2025-05-13 14:00:00+00:00,950.5486537132883
2025-05-13 15:00:00+00:00,950.5486537132883
2025-05-13 16:00:00+00:00,950.5486537132883
2025-05-13 17:00:00+00:00,950.5486537132883
2025-05-13 18:00:00+00:00,950.5486537132883
2025-05-13 19:00:00+00:00,950.5486537132883
2025-05-14 13:00:00+00:00,950.5486537132883
2025-05-14 14:00:00+00:00,950.5486537132883
2025-05-14 15:00:00+00:00,950.5486537132883
2025-05-14 16:00:00+00:00,950.5486537132883
2025-05-14 17:00:00+00:00,950.5486537132883
2025-05-14 18:00:00+00:00,950.5486537132883
2025-05-14 19:00:00+00:00,950.5486537132883
2025-05-15 13:00:00+00:00,950.5486537132883
2025-05-15 14:00:00+00:00,950.5486537132883
2025-05-15 15:00:00+00:00,950.5486537132883
2025-05-15 16:00:00+00:00,950.5486537132883
2025-05-15 17:00:00+00:00,950.5486537132883
2025-05-15 18:00:00+00:00,950.5486537132883
2025-05-15 19:00:00+00:00,950.5486537132883
2025-05-16 13:00:00+00:00,950.5486537132883
2025-05-16 14:00:00+00:00,950.5486537132883
2025-05-16 15:00:00+00:00,950.5486537132883
2025-05-16 16:00:00+00:00,950.5486537132883
2025-05-16 17:00:00+00:00,950.5486537132883
2025-05-16 18:00:00+00:00,950.5486537132883
2025-05-16 19:00:00+00:00,950.5486537132883
2025-05-19 13:00:00+00:00,950.5486537132883
2025-05-19 14:00:00+00:00,950.5486537132883
2025-05-19 15:00:00+00:00,950.5486537132883
2025-05-19 16:00:00+00:00,950.5486537132883
2025-05-19 17:00:00+00:00,950.5486537132883
2025-05-19 18:00:00+00:00,950.5486537132883
2025-05-19 19:00:00+00:00,950.5486537132883
2025-05-20 13:00:00+00:00,950.5486537132883
2025-05-20 14:00:00+00:00,950.5486537132883
2025-05-20 15:00:00+00:00,950.5486537132883
2025-05-20 16:00:00+00:00,950.5486537132883
2025-05-20 17:00:00+00:00,950.5486537132883
2025-05-20 18:00:00+00:00,950.5486537132883
2025-05-20 19:00:00+00:00,950.5486537132883
2025-05-21 13:00:00+00:00,950.5486537132883
2025-05-21 14:00:00+00:00,950.5486537132883
2025-05-21 15:00:00+00:00,950.5486537132883
2025-05-21 16:00:00+00:00,950.5486537132883
2025-05-21 17:00:00+00:00,950.5486537132883
2025-05-21 18:00:00+00:00,950.5486537132883
2025-05-21 19:00:00+00:00,950.5486537132883
2025-05-22 13:00:00+00:00,580.3005478574415
2025-05-22 14:00:00+00:00,458.649115410813
2025-05-22 15:00:00+00:00,535.5718841355401
2025-05-22 16:00:00+00:00,648.8932010155672
2025-05-22 17:00:00+00:00,624.4276116226772
2025-05-22 18:00:00+00:00,668.9407329979666
2025-05-22 19:00:00+00:00,712.6680169364075
2025-05-23 13:00:00+00:00,632.1016871766313
2025-05-23 14:00:00+00:00,640.4153110965219
2025-05-23 15:00:00+00:00,653.1829375967762
2025-05-23 16:00:00+00:00,683.0097825755424
2025-05-23 17:00:00+00:00,671.466923652186
2025-05-23 18:00:00+00:00,666.6955591412446
2025-05-23 19:00:00+00:00,670.4150006322172
2025-05-27 13:00:00+00:00,627.3896178732535
2025-05-27 14:00:00+00:00,643.3784252939032
2025-05-27 15:00:00+00:00,625.3897522896956
2025-05-27 16:00:00+00:00,615.4835825845004
2025-05-27 17:00:00+00:00,643.1179686035241
2025-05-27 18:00:00+00:00,637.6647210424857
2025-05-27 19:00:00+00:00,644.5354931792201
2025-05-28 13:00:00+00:00,593.0459168420747
2025-05-28 14:00:00+00:00,537.8861595374602
2025-05-28 15:00:00+00:00,543.2547116605494
2025-05-28 16:00:00+00:00,557.0806040467091
2025-05-28 17:00:00+00:00,539.9108938248096
2025-05-28 18:00:00+00:00,570.2267536764606
2025-05-28 19:00:00+00:00,549.2418712170054
2025-05-29 13:00:00+00:00,639.8008796670815
2025-05-29 14:00:00+00:00,654.560189268174
2025-05-29 15:00:00+00:00,664.6659276311353
2025-05-29 16:00:00+00:00,689.29906828314
2025-05-29 17:00:00+00:00,679.3284900026835
2025-05-29 18:00:00+00:00,675.5508651852587
2025-05-29 19:00:00+00:00,713.5134914151744
2025-05-30 13:00:00+00:00,768.680423290531
2025-05-30 14:00:00+00:00,797.148637833902
2025-05-30 15:00:00+00:00,818.5856466144545
2025-05-30 16:00:00+00:00,856.0346899446002
2025-05-30 17:00:00+00:00,852.3668460567159
2025-05-30 18:00:00+00:00,858.4421081806737
2025-05-30 19:00:00+00:00,896.0695825469968
2025-06-02 13:00:00+00:00,827.7496790935571
2025-06-02 14:00:00+00:00,846.9121252758582
2025-06-02 15:00:00+00:00,865.7576559574669
2025-06-02 16:00:00+00:00,871.5371966292676
2025-06-02 17:00:00+00:00,866.8749893969539
2025-06-02 18:00:00+00:00,841.4596178236909
2025-06-02 19:00:00+00:00,870.2280235032703
2025-06-03 13:00:00+00:00,816.5840628818873
2025-06-03 14:00:00+00:00,806.1432220006992
2025-06-03 15:00:00+00:00,762.2637022004654
2025-06-03 16:00:00+00:00,772.8757166366207
2025-06-03 17:00:00+00:00,773.2072126392586
2025-06-03 18:00:00+00:00,758.882594246978
2025-06-03 19:00:00+00:00,785.6831517416533
2025-06-04 13:00:00+00:00,840.244555889125
2025-06-04 14:00:00+00:00,857.7739160774119
2025-06-04 15:00:00+00:00,838.8793414487423
2025-06-04 16:00:00+00:00,832.9070476343273
2025-06-04 17:00:00+00:00,862.4918433684811
2025-06-04 18:00:00+00:00,835.3995984759468
2025-06-04 19:00:00+00:00,814.3265305385218
2025-06-05 13:00:00+00:00,856.1865887704992
2025-06-05 14:00:00+00:00,850.6743203042306
2025-06-05 15:00:00+00:00,868.694545271549
2025-06-05 16:00:00+00:00,906.6022209126475
2025-06-05 17:00:00+00:00,969.3592920845858
2025-06-05 18:00:00+00:00,969.3592920845858
2025-06-05 19:00:00+00:00,969.3592920845858
2025-06-06 13:00:00+00:00,969.3592920845858
2025-06-06 14:00:00+00:00,969.3592920845858
2025-06-06 15:00:00+00:00,969.3592920845858
2025-06-06 16:00:00+00:00,969.3592920845858
2025-06-06 17:00:00+00:00,969.3592920845858
2025-06-06 18:00:00+00:00,969.3592920845858
2025-06-06 19:00:00+00:00,969.3592920845858
2025-06-09 13:00:00+00:00,969.3592920845858
2025-06-09 14:00:00+00:00,969.3592920845858
2025-06-09 15:00:00+00:00,969.3592920845858
2025-06-09 16:00:00+00:00,969.3592920845858
2025-06-09 17:00:00+00:00,969.3592920845858
2025-06-09 18:00:00+00:00,969.3592920845858
2025-06-09 19:00:00+00:00,969.3592920845858
2025-06-10 13:00:00+00:00,969.3592920845858
2025-06-10 14:00:00+00:00,969.3592920845858
2025-06-10 15:00:00+00:00,969.3592920845858
2025-06-10 16:00:00+00:00,969.3592920845858
2025-06-10 17:00:00+00:00,969.3592920845858
2025-06-10 18:00:00+00:00,969.3592920845858
2025-06-10 19:00:00+00:00,969.3592920845858
2025-06-11 13:00:00+00:00,969.3592920845858
2025-06-11 14:00:00+00:00,969.3592920845858
2025-06-11 15:00:00+00:00,969.3592920845858
2025-06-11 16:00:00+00:00,969.3592920845858
2025-06-11 17:00:00+00:00,969.3592920845858
2025-06-11 18:00:00+00:00,969.3592920845858
2025-06-11 19:00:00+00:00,969.3592920845858
2025-06-12 13:00:00+00:00,969.3592920845858
2025-06-12 14:00:00+00:00,969.3592920845858
2025-06-12 15:00:00+00:00,969.3592920845858
2025-06-12 16:00:00+00:00,969.3592920845858
2025-06-12 17:00:00+00:00,969.3592920845858
2025-06-12 18:00:00+00:00,969.3592920845858
2025-06-12 19:00:00+00:00,969.3592920845858
2025-06-13 13:00:00+00:00,969.3592920845858
2025-06-13 14:00:00+00:00,969.3592920845858
2025-06-13 15:00:00+00:00,969.3592920845858
2025-06-13 16:00:00+00:00,969.3592920845858
2025-06-13 17:00:00+00:00,969.3592920845858
2025-06-13 18:00:00+00:00,969.3592920845858
2025-06-13 19:00:00+00:00,969.3592920845858
2025-06-16 13:00:00+00:00,969.3592920845858
2025-06-16 14:00:00+00:00,969.3592920845858
2025-06-16 15:00:00+00:00,969.3592920845858
2025-06-16 16:00:00+00:00,969.3592920845858
2025-06-16 17:00:00+00:00,969.3592920845858
2025-06-16 18:00:00+00:00,969.3592920845858
2025-06-16 19:00:00+00:00,969.3592920845858
2025-06-17 13:00:00+00:00,969.3592920845858
2025-06-17 14:00:00+00:00,969.3592920845858
2025-06-17 15:00:00+00:00,969.3592920845858
2025-06-17 16:00:00+00:00,969.3592920845858
2025-06-17 17:00:00+00:00,969.3592920845858
2025-06-17 18:00:00+00:00,969.3592920845858
2025-06-17 19:00:00+00:00,969.3592920845858
2025-06-18 13:00:00+00:00,969.3592920845858
2025-06-18 14:00:00+00:00,969.3592920845858
2025-06-18 15:00:00+00:00,969.3592920845858
2025-06-18 16:00:00+00:00,969.3592920845858
2025-06-18 17:00:00+00:00,969.3592920845858
2025-06-18 18:00:00+00:00,969.3592920845858
2025-06-18 19:00:00+00:00,969.3592920845858
2025-06-20 13:00:00+00:00,969.3592920845858
2025-06-20 14:00:00+00:00,969.3592920845858
2025-06-20 15:00:00+00:00,969.3592920845858
2025-06-20 16:00:00+00:00,969.3592920845858
2025-06-20 17:00:00+00:00,969.3592920845858
2025-06-20 18:00:00+00:00,969.3592920845858
2025-06-20 19:00:00+00:00,969.3592920845858
2025-06-23 13:00:00+00:00,969.3592920845858
2025-06-23 14:00:00+00:00,969.3592920845858
2025-06-23 15:00:00+00:00,969.3592920845858
2025-06-23 16:00:00+00:00,969.3592920845858
2025-06-23 17:00:00+00:00,969.3592920845858
2025-06-23 18:00:00+00:00,969.3592920845858
2025-06-23 19:00:00+00:00,969.3592920845858
2025-06-24 13:00:00+00:00,969.3592920845858
2025-06-24 14:00:00+00:00,969.3592920845858
2025-06-24 15:00:00+00:00,969.3592920845858
2025-06-24 16:00:00+00:00,969.3592920845858
2025-06-24 17:00:00+00:00,969.3592920845858
2025-06-24 18:00:00+00:00,969.3592920845858
2025-06-24 19:00:00+00:00,969.3592920845858
2025-06-25 13:00:00+00:00,969.3592920845858
2025-06-25 14:00:00+00:00,969.3592920845858
2025-06-25 15:00:00+00:00,969.3592920845858
2025-06-25 16:00:00+00:00,969.3592920845858
2025-06-25 17:00:00+00:00,969.3592920845858
2025-06-25 18:00:00+00:00,969.3592920845858
2025-06-25 19:00:00+00:00,969.3592920845858
2025-06-26 13:00:00+00:00,969.3592920845858
2025-06-26 14:00:00+00:00,969.3592920845858
2025-06-26 15:00:00+00:00,969.3592920845858
2025-06-26 16:00:00+00:00,969.3592920845858
2025-06-26 17:00:00+00:00,969.3592920845858
2025-06-26 18:00:00+00:00,969.3592920845858
2025-06-26 19:00:00+00:00,969.3592920845858
2025-06-27 13:00:00+00:00,969.3592920845858
2025-06-27 14:00:00+00:00,969.3592920845858
2025-06-27 15:00:00+00:00,969.3592920845858
2025-06-27 16:00:00+00:00,969.3592920845858
2025-06-27 17:00:00+00:00,969.3592920845858
2025-06-27 18:00:00+00:00,969.3592920845858
2025-06-27 19:00:00+00:00,969.3592920845858
2025-06-30 13:00:00+00:00,718.5872139605463
2025-06-30 14:00:00+00:00,709.739587582315
2025-06-30 15:00:00+00:00,722.7766387540712
2025-06-30 16:00:00+00:00,766.0041650671292
2025-06-30 17:00:00+00:00,818.1524681318136
2025-06-30 18:00:00+00:00,826.404610546334
2025-06-30 19:00:00+00:00,846.2484144264964
2025-07-01 13:00:00+00:00,754.3756780145642
2025-07-01 14:00:00+00:00,912.9685890556727
2025-07-01 15:00:00+00:00,984.3464262273651
2025-07-01 16:00:00+00:00,1024.8787299149021
2025-07-01 17:00:00+00:00,1069.0685970238803
2025-07-01 18:00:00+00:00,1124.2683307515865
2025-07-01 19:00:00+00:00,1156.3912191574382
2025-07-02 13:00:00+00:00,1132.1887830253465
2025-07-02 14:00:00+00:00,1125.550042332621
2025-07-02 15:00:00+00:00,1110.4483148971506
2025-07-02 16:00:00+00:00,1099.512377898126
2025-07-02 17:00:00+00:00,1090.2849149580463
2025-07-02 18:00:00+00:00,1084.6333222582277
2025-07-02 19:00:00+00:00,1093.0119295329991
2025-07-03 13:00:00+00:00,1221.8158229097373
2025-07-03 14:00:00+00:00,1188.315369314196
2025-07-03 15:00:00+00:00,1138.7403001193893
2025-07-07 13:00:00+00:00,1120.8194057603332
2025-07-07 14:00:00+00:00,1097.1465184518938
2025-07-07 15:00:00+00:00,1127.7164688874877
2025-07-07 16:00:00+00:00,1154.6087231827476
2025-07-07 17:00:00+00:00,1168.2545008547872
2025-07-07 18:00:00+00:00,1136.564265610688
2025-07-07 19:00:00+00:00,1178.2035850768443
2025-07-08 13:00:00+00:00,1005.3823200793539
2025-07-08 14:00:00+00:00,1077.157750122861
2025-07-08 15:00:00+00:00,1054.443043872245
2025-07-08 16:00:00+00:00,1070.6935369127773
2025-07-08 17:00:00+00:00,1082.358560252019
2025-07-08 18:00:00+00:00,1090.6103149886333
2025-07-08 19:00:00+00:00,1068.2020056262245
2025-07-09 13:00:00+00:00,1112.3145420460937
2025-07-09 14:00:00+00:00,1144.0399359577902
2025-07-09 15:00:00+00:00,1099.7472707546465
2025-07-09 16:00:00+00:00,1115.5385667409244
2025-07-09 17:00:00+00:00,1149.1142930580852
2025-07-09 18:00:00+00:00,1140.501192436087
2025-07-09 19:00:00+00:00,1158.3774125527148
2025-07-10 13:00:00+00:00,1246.8371754949985
2025-07-10 14:00:00+00:00,1246.8371754949985
2025-07-10 15:00:00+00:00,1246.8371754949985
2025-07-10 16:00:00+00:00,1246.8371754949985
2025-07-10 17:00:00+00:00,1246.8371754949985
2025-07-10 18:00:00+00:00,1246.8371754949985
2025-07-10 19:00:00+00:00,1246.8371754949985
2025-07-11 13:00:00+00:00,1246.8371754949985
2025-07-11 14:00:00+00:00,1246.8371754949985
2025-07-11 15:00:00+00:00,1246.8371754949985
2025-07-11 16:00:00+00:00,1246.8371754949985
2025-07-11 17:00:00+00:00,1246.8371754949985
2025-07-11 18:00:00+00:00,1246.8371754949985
2025-07-11 19:00:00+00:00,1246.8371754949985
2025-07-14 13:00:00+00:00,1246.8371754949985
2025-07-14 14:00:00+00:00,1246.8371754949985
2025-07-14 15:00:00+00:00,1246.8371754949985
2025-07-14 16:00:00+00:00,1246.8371754949985
2025-07-14 17:00:00+00:00,1246.8371754949985
2025-07-14 18:00:00+00:00,1246.8371754949985
2025-07-14 19:00:00+00:00,1246.8371754949985
2025-07-15 13:00:00+00:00,1246.8371754949985
2025-07-15 14:00:00+00:00,1246.8371754949985
2025-07-15 15:00:00+00:00,1246.8371754949985
2025-07-15 16:00:00+00:00,1246.8371754949985
2025-07-15 17:00:00+00:00,1246.8371754949985
2025-07-15 18:00:00+00:00,1246.8371754949985
2025-07-15 19:00:00+00:00,1246.8371754949985
2025-07-16 13:00:00+00:00,1246.8371754949985
2025-07-16 14:00:00+00:00,1246.8371754949985
2025-07-16 15:00:00+00:00,1246.8371754949985
2025-07-16 16:00:00+00:00,1246.8371754949985
2025-07-16 17:00:00+00:00,1246.8371754949985
2025-07-16 18:00:00+00:00,1246.8371754949985
2025-07-16 19:00:00+00:00,1246.8371754949985
2025-07-17 13:00:00+00:00,1246.8371754949985
2025-07-17 14:00:00+00:00,1246.8371754949985
2025-07-17 15:00:00+00:00,1246.8371754949985
2025-07-17 16:00:00+00:00,1246.8371754949985
2025-07-17 17:00:00+00:00,1246.8371754949985
2025-07-17 18:00:00+00:00,1246.8371754949985
2025-07-17 19:00:00+00:00,1246.8371754949985
2025-07-18 13:00:00+00:00,1246.8371754949985
2025-07-18 14:00:00+00:00,1246.8371754949985
2025-07-18 15:00:00+00:00,1246.8371754949985
2025-07-18 16:00:00+00:00,1246.8371754949985
2025-07-18 17:00:00+00:00,1246.8371754949985
2025-07-18 18:00:00+00:00,1246.8371754949985
2025-07-18 19:00:00+00:00,1246.8371754949985
2025-07-21 13:00:00+00:00,1246.8371754949985
2025-07-21 14:00:00+00:00,1246.8371754949985
2025-07-21 15:00:00+00:00,1246.8371754949985
2025-07-21 16:00:00+00:00,1246.8371754949985
2025-07-21 17:00:00+00:00,1246.8371754949985
2025-07-21 18:00:00+00:00,1246.8371754949985
2025-07-21 19:00:00+00:00,1246.8371754949985
2025-07-22 13:00:00+00:00,1246.8371754949985
2025-07-22 14:00:00+00:00,1246.8371754949985
2025-07-22 15:00:00+00:00,1246.8371754949985
2025-07-22 16:00:00+00:00,1246.8371754949985
2025-07-22 17:00:00+00:00,1246.8371754949985
2025-07-22 18:00:00+00:00,1246.8371754949985
2025-07-22 19:00:00+00:00,1246.8371754949985
2025-07-23 13:00:00+00:00,1246.8371754949985
2025-07-23 14:00:00+00:00,1246.8371754949985
2025-07-23 15:00:00+00:00,1195.100464309202
2025-07-23 16:00:00+00:00,1243.1708246127566
2025-07-23 17:00:00+00:00,1207.0322842868325
2025-07-23 18:00:00+00:00,1200.695392099773
2025-07-23 19:00:00+00:00,1222.8982409581797
2025-07-24 13:00:00+00:00,1183.7819947010353
2025-07-24 14:00:00+00:00,1176.7087507830656
2025-07-24 15:00:00+00:00,1186.4711899209883
2025-07-24 16:00:00+00:00,1170.373409311222
2025-07-24 17:00:00+00:00,1173.455292867069
2025-07-24 18:00:00+00:00,1170.8537839181508
2025-07-24 19:00:00+00:00,1171.5437816832734
2025-07-25 13:00:00+00:00,1190.5530624875926
2025-07-25 14:00:00+00:00,1158.8496568194644
2025-07-25 15:00:00+00:00,1141.2356220954994
2025-07-25 16:00:00+00:00,1156.284890310289
2025-07-25 17:00:00+00:00,1169.5773691325592
2025-07-25 18:00:00+00:00,1178.4838443287515
2025-07-25 19:00:00+00:00,1190.3067737997396
2025-07-28 13:00:00+00:00,1166.2397957573853
2025-07-28 14:00:00+00:00,1157.6670244553084
2025-07-28 15:00:00+00:00,1162.1586561969511
2025-07-28 16:00:00+00:00,1157.6324975404239
2025-07-28 17:00:00+00:00,1149.5626908221675
2025-07-28 18:00:00+00:00,1125.4480739295948
2025-07-28 19:00:00+00:00,1114.5317759328684
2025-07-29 13:00:00+00:00,1212.4879276334098
2025-07-29 14:00:00+00:00,1247.9167560036171
2025-07-29 15:00:00+00:00,1214.6200405299464
2025-07-29 16:00:00+00:00,1185.4938699705556
2025-07-29 17:00:00+00:00,1197.814892089193
2025-07-29 18:00:00+00:00,1224.6754731186393
2025-07-29 19:00:00+00:00,1236.3694499175353
2025-07-30 13:00:00+00:00,1248.789725180244
2025-07-30 14:00:00+00:00,1190.7761750861087
2025-07-30 15:00:00+00:00,1185.599003217539
2025-07-30 16:00:00+00:00,1208.372757600138
2025-07-30 17:00:00+00:00,1188.5261649821102
2025-07-30 18:00:00+00:00,1165.5556335458675
2025-07-30 19:00:00+00:00,1142.1612010586987
2025-07-31 13:00:00+00:00,1109.2865138519628
2025-07-31 14:00:00+00:00,1079.2117968474915
2025-07-31 15:00:00+00:00,1102.1823282837347
2025-07-31 16:00:00+00:00,1096.4231343372107
2025-07-31 17:00:00+00:00,1093.1121076697814
2025-07-31 18:00:00+00:00,1056.436547185891
2025-07-31 19:00:00+00:00,1070.4199329398411
2025-08-01 13:00:00+00:00,1251.3930173290482
2025-08-01 14:00:00+00:00,1280.7486677021282
2025-08-01 15:00:00+00:00,1259.3448446957716
2025-08-01 16:00:00+00:00,1300.131694587391
2025-08-01 17:00:00+00:00,1272.7268773390786
2025-08-01 18:00:00+00:00,1283.9120540005495
2025-08-01 19:00:00+00:00,1266.6256217863104
2025-08-04 13:00:00+00:00,1245.1035535976366
2025-08-04 14:00:00+00:00,1239.2424853483328
2025-08-04 15:00:00+00:00,1211.0993881489062
2025-08-04 16:00:00+00:00,1201.0155300297179
2025-08-04 17:00:00+00:00,1209.9574413073515
2025-08-04 18:00:00+00:00,1244.0905594281737
2025-08-04 19:00:00+00:00,1212.9258747069684
2025-08-05 13:00:00+00:00,1279.9981849822368
2025-08-05 14:00:00+00:00,1308.7267900355748
2025-08-05 15:00:00+00:00,1285.6811402443298
2025-08-05 16:00:00+00:00,1291.9320832538126
2025-08-05 17:00:00+00:00,1305.506286845377
2025-08-05 18:00:00+00:00,1303.000510011968
2025-08-05 19:00:00+00:00,1307.3107150881156
2025-08-06 13:00:00+00:00,1263.41459663767
2025-08-06 14:00:00+00:00,1271.0739917453238
2025-08-06 15:00:00+00:00,1278.1123094167901
2025-08-06 16:00:00+00:00,1297.049613816216
2025-08-06 17:00:00+00:00,1335.3792431858285
2025-08-06 18:00:00+00:00,1339.1047480319808
2025-08-06 19:00:00+00:00,1291.5598324518703
2025-08-07 13:00:00+00:00,1399.633221882339
2025-08-07 14:00:00+00:00,1427.8247984830844
2025-08-07 15:00:00+00:00,1449.899505620811
2025-08-07 16:00:00+00:00,1441.7724024730728
2025-08-07 17:00:00+00:00,1479.5129024196456
2025-08-07 18:00:00+00:00,1502.5330733380135
2025-08-07 19:00:00+00:00,1508.4356790531472
2025-08-08 13:00:00+00:00,1508.4356790531472
2025-08-08 14:00:00+00:00,1508.4356790531472
2025-08-08 15:00:00+00:00,1508.4356790531472
2025-08-08 16:00:00+00:00,1508.4356790531472
2025-08-08 17:00:00+00:00,1508.4356790531472
2025-08-08 18:00:00+00:00,1508.4356790531472
2025-08-08 19:00:00+00:00,1508.4356790531472
2025-08-11 13:00:00+00:00,1508.4356790531472
2025-08-11 14:00:00+00:00,1508.4356790531472
2025-08-11 15:00:00+00:00,1508.4356790531472
2025-08-11 16:00:00+00:00,1508.4356790531472
2025-08-11 17:00:00+00:00,1508.4356790531472
2025-08-11 18:00:00+00:00,1508.4356790531472
2025-08-11 19:00:00+00:00,1508.4356790531472
2025-08-12 13:00:00+00:00,1508.4356790531472
2025-08-12 14:00:00+00:00,1508.4356790531472
2025-08-12 15:00:00+00:00,1508.4356790531472
2025-08-12 16:00:00+00:00,1508.4356790531472
2025-08-12 17:00:00+00:00,1508.4356790531472
2025-08-12 18:00:00+00:00,1508.4356790531472
2025-08-12 19:00:00+00:00,1508.4356790531472
2025-08-13 13:00:00+00:00,1508.4356790531472
2025-08-13 14:00:00+00:00,1508.4356790531472
2025-08-13 15:00:00+00:00,1508.4356790531472
2025-08-13 16:00:00+00:00,1508.4356790531472
2025-08-13 17:00:00+00:00,1508.4356790531472
2025-08-13 18:00:00+00:00,1508.4356790531472
2025-08-13 19:00:00+00:00,1508.4356790531472
2025-08-14 13:00:00+00:00,1508.4356790531472
2025-08-14 14:00:00+00:00,1508.4356790531472
2025-08-14 15:00:00+00:00,1508.4356790531472
2025-08-14 16:00:00+00:00,1508.4356790531472
2025-08-14 17:00:00+00:00,1508.4356790531472
2025-08-14 18:00:00+00:00,1508.4356790531472
2025-08-14 19:00:00+00:00,1508.4356790531472
2025-08-15 13:00:00+00:00,1508.4356790531472
2025-08-15 14:00:00+00:00,1508.4356790531472
2025-08-15 15:00:00+00:00,1508.4356790531472
2025-08-15 16:00:00+00:00,1508.4356790531472
2025-08-15 17:00:00+00:00,1508.4356790531472
2025-08-15 18:00:00+00:00,1508.4356790531472
2025-08-15 19:00:00+00:00,1508.4356790531472
2025-08-18 13:00:00+00:00,1508.4356790531472
2025-08-18 14:00:00+00:00,1508.4356790531472
2025-08-18 15:00:00+00:00,1508.4356790531472
2025-08-18 16:00:00+00:00,1508.4356790531472
2025-08-18 17:00:00+00:00,1508.4356790531472
2025-08-18 18:00:00+00:00,1508.4356790531472
2025-08-18 19:00:00+00:00,1508.4356790531472
2025-08-19 13:00:00+00:00,1508.4356790531472
2025-08-19 14:00:00+00:00,1508.4356790531472
2025-08-19 15:00:00+00:00,1508.4356790531472
2025-08-19 16:00:00+00:00,1508.4356790531472
2025-08-19 17:00:00+00:00,1508.4356790531472
2025-08-19 18:00:00+00:00,1508.4356790531472
2025-08-19 19:00:00+00:00,1508.4356790531472
2025-08-20 13:00:00+00:00,1508.4356790531472
2025-08-20 14:00:00+00:00,1508.4356790531472
2025-08-20 15:00:00+00:00,1508.4356790531472
2025-08-20 16:00:00+00:00,1508.4356790531472
2025-08-20 17:00:00+00:00,1508.4356790531472
2025-08-20 18:00:00+00:00,1508.4356790531472
2025-08-20 19:00:00+00:00,1508.4356790531472
2025-08-21 13:00:00+00:00,1508.4356790531472
2025-08-21 14:00:00+00:00,1508.4356790531472
2025-08-21 15:00:00+00:00,1508.4356790531472
2025-08-21 16:00:00+00:00,1508.4356790531472
2025-08-21 17:00:00+00:00,1508.4356790531472
2025-08-21 18:00:00+00:00,1508.4356790531472
2025-08-21 19:00:00+00:00,1508.4356790531472
2025-08-22 13:00:00+00:00,1508.4356790531472
2025-08-22 14:00:00+00:00,1508.4356790531472
2025-08-22 15:00:00+00:00,1508.4356790531472
2025-08-22 16:00:00+00:00,1508.4356790531472
2025-08-22 17:00:00+00:00,1508.4356790531472
2025-08-22 18:00:00+00:00,1508.4356790531472
2025-08-22 19:00:00+00:00,1508.4356790531472
2025-08-25 13:00:00+00:00,1508.4356790531472
2025-08-25 14:00:00+00:00,1508.4356790531472
2025-08-25 15:00:00+00:00,1508.4356790531472
2025-08-25 16:00:00+00:00,1508.4356790531472
2025-08-25 17:00:00+00:00,1508.4356790531472
2025-08-25 18:00:00+00:00,1508.4356790531472
2025-08-25 19:00:00+00:00,1508.4356790531472
2025-08-26 13:00:00+00:00,1508.4356790531472
2025-08-26 14:00:00+00:00,1508.4356790531472
2025-08-26 15:00:00+00:00,1508.4356790531472
2025-08-26 16:00:00+00:00,1508.4356790531472
2025-08-26 17:00:00+00:00,1508.4356790531472
2025-08-26 18:00:00+00:00,1508.4356790531472
2025-08-26 19:00:00+00:00,1508.4356790531472
2025-08-27 13:00:00+00:00,1508.4356790531472
2025-08-27 14:00:00+00:00,1508.4356790531472
2025-08-27 15:00:00+00:00,1508.4356790531472
2025-08-27 16:00:00+00:00,1508.4356790531472
2025-08-27 17:00:00+00:00,1508.4356790531472
2025-08-27 18:00:00+00:00,1508.4356790531472
2025-08-27 19:00:00+00:00,1508.4356790531472
2025-08-28 13:00:00+00:00,1508.4356790531472
2025-08-28 14:00:00+00:00,1508.4356790531472
2025-08-28 15:00:00+00:00,1508.4356790531472
2025-08-28 16:00:00+00:00,1508.4356790531472
2025-08-28 17:00:00+00:00,1508.4356790531472
2025-08-28 18:00:00+00:00,1508.4356790531472
2025-08-28 19:00:00+00:00,1508.4356790531472
2025-08-29 13:00:00+00:00,1508.4356790531472
2025-08-29 14:00:00+00:00,1508.4356790531472
2025-08-29 15:00:00+00:00,1508.4356790531472
2025-08-29 16:00:00+00:00,1508.4356790531472
2025-08-29 17:00:00+00:00,1508.4356790531472
2025-08-29 18:00:00+00:00,1508.4356790531472
2025-08-29 19:00:00+00:00,1508.4356790531472
2025-09-02 13:00:00+00:00,1508.4356790531472
2025-09-02 14:00:00+00:00,1508.4356790531472
2025-09-02 15:00:00+00:00,1508.4356790531472
2025-09-02 16:00:00+00:00,1508.4356790531472
2025-09-02 17:00:00+00:00,1508.4356790531472
2025-09-02 18:00:00+00:00,1508.4356790531472
2025-09-02 19:00:00+00:00,1508.4356790531472
2025-09-03 13:00:00+00:00,1508.4356790531472
2025-09-03 14:00:00+00:00,1508.4356790531472
2025-09-03 15:00:00+00:00,1508.4356790531472
2025-09-03 16:00:00+00:00,1508.4356790531472
2025-09-03 17:00:00+00:00,1508.4356790531472
2025-09-03 18:00:00+00:00,1508.4356790531472
2025-09-03 19:00:00+00:00,1508.4356790531472
2025-09-04 13:00:00+00:00,1508.4356790531472
2025-09-04 14:00:00+00:00,1508.4356790531472
2025-09-04 15:00:00+00:00,1508.4356790531472
2025-09-04 16:00:00+00:00,1508.4356790531472
2025-09-04 17:00:00+00:00,1508.4356790531472
2025-09-04 18:00:00+00:00,1508.4356790531472
2025-09-04 19:00:00+00:00,1508.4356790531472
2025-09-05 13:00:00+00:00,1508.4356790531472
2025-09-05 14:00:00+00:00,1508.4356790531472
2025-09-05 15:00:00+00:00,1508.4356790531472
2025-09-05 16:00:00+00:00,1508.4356790531472
2025-09-05 17:00:00+00:00,1508.4356790531472
2025-09-05 18:00:00+00:00,1508.4356790531472
2025-09-05 19:00:00+00:00,1508.4356790531472
2025-09-08 13:00:00+00:00,1508.4356790531472
2025-09-08 14:00:00+00:00,1508.4356790531472
2025-09-08 15:00:00+00:00,1508.4356790531472
2025-09-08 16:00:00+00:00,1508.4356790531472
2025-09-08 17:00:00+00:00,1508.4356790531472
2025-09-08 18:00:00+00:00,1508.4356790531472
2025-09-08 19:00:00+00:00,1508.4356790531472
2025-09-09 13:00:00+00:00,1508.4356790531472
2025-09-09 14:00:00+00:00,1508.4356790531472
2025-09-09 15:00:00+00:00,1508.4356790531472
2025-09-09 16:00:00+00:00,1508.4356790531472
2025-09-09 17:00:00+00:00,1508.4356790531472
2025-09-09 18:00:00+00:00,1508.4356790531472
2025-09-09 19:00:00+00:00,1508.4356790531472
2025-09-10 13:00:00+00:00,1508.4356790531472
2025-09-10 14:00:00+00:00,1508.4356790531472
2025-09-10 15:00:00+00:00,1508.4356790531472
2025-09-10 16:00:00+00:00,1508.4356790531472
2025-09-10 17:00:00+00:00,1508.4356790531472
2025-09-10 18:00:00+00:00,1508.4356790531472
2025-09-10 19:00:00+00:00,1508.4356790531472
2025-09-11 13:00:00+00:00,1508.4356790531472
2025-09-11 14:00:00+00:00,1508.4356790531472
2025-09-11 15:00:00+00:00,1508.4356790531472
2025-09-11 16:00:00+00:00,1508.4356790531472
2025-09-11 17:00:00+00:00,1508.4356790531472
2025-09-11 18:00:00+00:00,1508.4356790531472
2025-09-11 19:00:00+00:00,1508.4356790531472
2025-09-12 13:00:00+00:00,1508.4356790531472
2025-09-12 14:00:00+00:00,1508.4356790531472
2025-09-12 15:00:00+00:00,1508.4356790531472
2025-09-12 16:00:00+00:00,1508.4356790531472
2025-09-12 17:00:00+00:00,1508.4356790531472
2025-09-12 18:00:00+00:00,1508.4356790531472
2025-09-12 19:00:00+00:00,1508.4356790531472
2025-09-15 13:00:00+00:00,1508.4356790531472
2025-09-15 14:00:00+00:00,1508.4356790531472
2025-09-15 15:00:00+00:00,1508.4356790531472
2025-09-15 16:00:00+00:00,1508.4356790531472
2025-09-15 17:00:00+00:00,1508.4356790531472
2025-09-15 18:00:00+00:00,1508.4356790531472
2025-09-15 19:00:00+00:00,1508.4356790531472
2025-09-16 13:00:00+00:00,1508.4356790531472
2025-09-16 14:00:00+00:00,1508.4356790531472
2025-09-16 15:00:00+00:00,1508.4356790531472
2025-09-16 16:00:00+00:00,1508.4356790531472
2025-09-16 17:00:00+00:00,1508.4356790531472
2025-09-16 18:00:00+00:00,1508.4356790531472
2025-09-16 19:00:00+00:00,1508.4356790531472
2025-09-17 13:00:00+00:00,1508.4356790531472
2025-09-17 14:00:00+00:00,1508.4356790531472
2025-09-17 15:00:00+00:00,1508.4356790531472
2025-09-17 16:00:00+00:00,1508.4356790531472
2025-09-17 17:00:00+00:00,1508.4356790531472
2025-09-17 18:00:00+00:00,1508.4356790531472
2025-09-17 19:00:00+00:00,1508.4356790531472
2025-09-18 13:00:00+00:00,1508.4356790531472
2025-09-18 14:00:00+00:00,1508.4356790531472
2025-09-18 15:00:00+00:00,1508.4356790531472
2025-09-18 16:00:00+00:00,1508.4356790531472
2025-09-18 17:00:00+00:00,1508.4356790531472
2025-09-18 18:00:00+00:00,1508.4356790531472
2025-09-18 19:00:00+00:00,1508.4356790531472
2025-09-19 13:00:00+00:00,1508.4356790531472
2025-09-19 14:00:00+00:00,1508.4356790531472
2025-09-19 15:00:00+00:00,1508.4356790531472
2025-09-19 16:00:00+00:00,1508.4356790531472
2025-09-19 17:00:00+00:00,1508.4356790531472
2025-09-19 18:00:00+00:00,1508.4356790531472
2025-09-19 19:00:00+00:00,1508.4356790531472
2025-09-22 13:00:00+00:00,1508.4356790531472
2025-09-22 14:00:00+00:00,1508.4356790531472
2025-09-22 15:00:00+00:00,1508.4356790531472
2025-09-22 16:00:00+00:00,1508.4356790531472
2025-09-22 17:00:00+00:00,1508.4356790531472
2025-09-22 18:00:00+00:00,1508.4356790531472
2025-09-22 19:00:00+00:00,1508.4356790531472
2025-09-23 13:00:00+00:00,1508.4356790531472
2025-09-23 14:00:00+00:00,1508.4356790531472
2025-09-23 15:00:00+00:00,1508.4356790531472
2025-09-23 16:00:00+00:00,1508.4356790531472
2025-09-23 17:00:00+00:00,1508.4356790531472
2025-09-23 18:00:00+00:00,1508.4356790531472
2025-09-23 19:00:00+00:00,1508.4356790531472
2025-09-24 13:00:00+00:00,1508.4356790531472
2025-09-24 14:00:00+00:00,1508.4356790531472
2025-09-24 15:00:00+00:00,1508.4356790531472
2025-09-24 16:00:00+00:00,1508.4356790531472
2025-09-24 17:00:00+00:00,1508.4356790531472
2025-09-24 18:00:00+00:00,1508.4356790531472
2025-09-24 19:00:00+00:00,1508.4356790531472
2025-09-25 13:00:00+00:00,1508.4356790531472
2025-09-25 14:00:00+00:00,1508.4356790531472
2025-09-25 15:00:00+00:00,1508.4356790531472
2025-09-25 16:00:00+00:00,1508.4356790531472
2025-09-25 17:00:00+00:00,1508.4356790531472
2025-09-25 18:00:00+00:00,1508.4356790531472
2025-09-25 19:00:00+00:00,1508.4356790531472
2025-09-26 13:00:00+00:00,1508.4356790531472
2025-09-26 14:00:00+00:00,1508.4356790531472
2025-09-26 15:00:00+00:00,1508.4356790531472
2025-09-26 16:00:00+00:00,1508.4356790531472
2025-09-26 17:00:00+00:00,1508.4356790531472
2025-09-26 18:00:00+00:00,1508.4356790531472
2025-09-26 19:00:00+00:00,1508.4356790531472
2025-09-29 13:00:00+00:00,1508.4356790531472
2025-09-29 14:00:00+00:00,1508.4356790531472
2025-09-29 15:00:00+00:00,1508.4356790531472
2025-09-29 16:00:00+00:00,1508.4356790531472
2025-09-29 17:00:00+00:00,1508.4356790531472
2025-09-29 18:00:00+00:00,1508.4356790531472
2025-09-29 19:00:00+00:00,1508.4356790531472
2025-09-30 13:00:00+00:00,1508.4356790531472
2025-09-30 14:00:00+00:00,1508.4356790531472
2025-09-30 15:00:00+00:00,1508.4356790531472
2025-09-30 16:00:00+00:00,1508.4356790531472
2025-09-30 17:00:00+00:00,1508.4356790531472
2025-09-30 18:00:00+00:00,1508.4356790531472
2025-09-30 19:00:00+00:00,1508.4356790531472
2025-10-01 13:00:00+00:00,1508.4356790531472
2025-10-01 14:00:00+00:00,1508.4356790531472
2025-10-01 15:00:00+00:00,1508.4356790531472
2025-10-01 16:00:00+00:00,1508.4356790531472
2025-10-01 17:00:00+00:00,1508.4356790531472
2025-10-01 18:00:00+00:00,1508.4356790531472
2025-10-01 19:00:00+00:00,1508.4356790531472
2025-10-02 13:00:00+00:00,1508.4356790531472
2025-10-02 14:00:00+00:00,1508.4356790531472
2025-10-02 15:00:00+00:00,1508.4356790531472
2025-10-02 16:00:00+00:00,1508.4356790531472
2025-10-02 17:00:00+00:00,1508.4356790531472
2025-10-02 18:00:00+00:00,1508.4356790531472
2025-10-02 19:00:00+00:00,1508.4356790531472
2025-10-03 13:00:00+00:00,1508.4356790531472
2025-10-03 14:00:00+00:00,1508.4356790531472
2025-10-03 15:00:00+00:00,1508.4356790531472
2025-10-03 16:00:00+00:00,1508.4356790531472
2025-10-03 17:00:00+00:00,1508.4356790531472
2025-10-03 18:00:00+00:00,1508.4356790531472
2025-10-03 19:00:00+00:00,1508.4356790531472
2025-10-06 13:00:00+00:00,1508.4356790531472
2025-10-06 14:00:00+00:00,1508.4356790531472
2025-10-06 15:00:00+00:00,1508.4356790531472
2025-10-06 16:00:00+00:00,1508.4356790531472
2025-10-06 17:00:00+00:00,1508.4356790531472
2025-10-06 18:00:00+00:00,1508.4356790531472
2025-10-06 19:00:00+00:00,1508.4356790531472
2025-10-07 13:00:00+00:00,1508.4356790531472
2025-10-07 14:00:00+00:00,1508.4356790531472
2025-10-07 15:00:00+00:00,1508.4356790531472
2025-10-07 16:00:00+00:00,1508.4356790531472
2025-10-07 17:00:00+00:00,1508.4356790531472
2025-10-07 18:00:00+00:00,1508.4356790531472
2025-10-07 19:00:00+00:00,1508.4356790531472
2025-10-08 13:00:00+00:00,1508.4356790531472
2025-10-08 14:00:00+00:00,1508.4356790531472
2025-10-08 15:00:00+00:00,1508.4356790531472
2025-10-08 16:00:00+00:00,1508.4356790531472
2025-10-08 17:00:00+00:00,1508.4356790531472
2025-10-08 18:00:00+00:00,1508.4356790531472
2025-10-08 19:00:00+00:00,1508.4356790531472
2025-10-09 13:00:00+00:00,1508.4356790531472
2025-10-09 14:00:00+00:00,1508.4356790531472
2025-10-09 15:00:00+00:00,1508.4356790531472
2025-10-09 16:00:00+00:00,1508.4356790531472
2025-10-09 17:00:00+00:00,1508.4356790531472
2025-10-09 18:00:00+00:00,1508.4356790531472
2025-10-09 19:00:00+00:00,1508.4356790531472
2025-10-10 13:00:00+00:00,1508.4356790531472
2025-10-10 14:00:00+00:00,1508.4356790531472
2025-10-10 15:00:00+00:00,1508.4356790531472
2025-10-10 16:00:00+00:00,1508.4356790531472
2025-10-10 17:00:00+00:00,1508.4356790531472
2025-10-10 18:00:00+00:00,1508.4356790531472
2025-10-10 19:00:00+00:00,1508.4356790531472
2025-10-13 13:00:00+00:00,1508.4356790531472
2025-10-13 14:00:00+00:00,1508.4356790531472
2025-10-13 15:00:00+00:00,1508.4356790531472
2025-10-13 16:00:00+00:00,1508.4356790531472
2025-10-13 17:00:00+00:00,1508.4356790531472
2025-10-13 18:00:00+00:00,1508.4356790531472
2025-10-13 19:00:00+00:00,1508.4356790531472
2025-10-14 13:00:00+00:00,1508.4356790531472
2025-10-14 14:00:00+00:00,1508.4356790531472
2025-10-14 15:00:00+00:00,1508.4356790531472
2025-10-14 16:00:00+00:00,1508.4356790531472
2025-10-14 17:00:00+00:00,1508.4356790531472
2025-10-14 18:00:00+00:00,1508.4356790531472
2025-10-14 19:00:00+00:00,1508.4356790531472
2025-10-15 13:00:00+00:00,1508.4356790531472
2025-10-15 14:00:00+00:00,1508.4356790531472
2025-10-15 15:00:00+00:00,1508.4356790531472
2025-10-15 16:00:00+00:00,1508.4356790531472
2025-10-15 17:00:00+00:00,1508.4356790531472
2025-10-15 18:00:00+00:00,1508.4356790531472
2025-10-15 19:00:00+00:00,1508.4356790531472
2025-10-16 13:00:00+00:00,1508.4356790531472
2025-10-16 14:00:00+00:00,1508.4356790531472
2025-10-16 15:00:00+00:00,1508.4356790531472
2025-10-16 16:00:00+00:00,1508.4356790531472
2025-10-16 17:00:00+00:00,1508.4356790531472
2025-10-16 18:00:00+00:00,1508.4356790531472
2025-10-16 19:00:00+00:00,1508.4356790531472
2025-10-17 13:00:00+00:00,1508.4356790531472
2025-10-17 14:00:00+00:00,1508.4356790531472
2025-10-17 15:00:00+00:00,1508.4356790531472
2025-10-17 16:00:00+00:00,1508.4356790531472
2025-10-17 17:00:00+00:00,1508.4356790531472
2025-10-17 18:00:00+00:00,1508.4356790531472
2025-10-17 19:00:00+00:00,1508.4356790531472
2025-10-20 13:00:00+00:00,1508.4356790531472
2025-10-20 14:00:00+00:00,1508.4356790531472
2025-10-20 15:00:00+00:00,1508.4356790531472
2025-10-20 16:00:00+00:00,1508.4356790531472
2025-10-20 17:00:00+00:00,1508.4356790531472
2025-10-20 18:00:00+00:00,1508.4356790531472
2025-10-20 19:00:00+00:00,1508.4356790531472
2025-10-21 13:00:00+00:00,1508.4356790531472
2025-10-21 14:00:00+00:00,1508.4356790531472
2025-10-21 15:00:00+00:00,1508.4356790531472
2025-10-21 16:00:00+00:00,1508.4356790531472
2025-10-21 17:00:00+00:00,1508.4356790531472
2025-10-21 18:00:00+00:00,1508.4356790531472
2025-10-21 19:00:00+00:00,1508.4356790531472
2025-10-22 13:00:00+00:00,1508.4356790531472
2025-10-22 14:00:00+00:00,1508.4356790531472
2025-10-22 15:00:00+00:00,1508.4356790531472
2025-10-22 16:00:00+00:00,1508.4356790531472
2025-10-22 17:00:00+00:00,1508.4356790531472
2025-10-22 18:00:00+00:00,1508.4356790531472
2025-10-22 19:00:00+00:00,1508.4356790531472
